1412153
1433921
1560057
1498457
2094684
2453448
1724981
2502558
27991758
1743425
1793561
1800785
25684368
1918139
3970095
2771235
13744353
2053490
2783916
2179103
2190296
3180780
2193671
3422436
3523011
2559999
2272460
2290850
2330282
1691037
2420198
7970085
2574401
3407373
13487441
18254867
4348380
3478040
8682221
2668997
3037700
3926243
3335963
2208930
2836352
3169227
3930971
3410528
1278597
1371921
3058355
1428345
3557057
2635373
2845553
2998742
1999056
3209558
3360218
3450161
2270811
3556658
2404659
2434035
2480931
2496780
46454411
2539320
2587422
2634915
1044719
1076375
1076594
1099454
2751063
1129361
2840136
1129808
1172378
1240919
2937783
1247606
1264628
3245487
1306373
3426120
3435177
3695052
1476818
13262457
15452280
1585571
1645322
1687709
28232697
1975196
2072816
1098951
2189813
1190622
2205701
2206052
2220479
1443009
1459563
1506474
1645929
2590871
2598929
2682599
1800681
1823004
1971129
2940707
2015340
3342491
2152017
3365486
3550907
2881743
9831441
19595934
3625034
4304753
2916822
2858052
2682528
3071511
4838280
1170920
2965977
2655252
1270997
1400762
1428290
1487294
3372975
1584092
3461478
2358080
4188696
3867687
2402454
2889612
1505654
2745957
1918439
3500493
1983077
3372801
2209913
3034269
2609769
2553411
3846693
3078849
3438731
3512102
1323435
1060779
37163187
2199693
2544312
25032467
29374499
31472681
2870367
39880214
1082313
54328271
35674071
1087787
1154687
1196348
1279314
1266017
1306512
1455687
1353551
1383338
1680192
1388570
1746513
1785774
1822086
1592690
1897230
1910550
1785473
2119473
2002466
2173533
2093051
2298159
2178923
2194628
2491653
2365199
2532920
2796249
14075294
2922738
3505457
3180101
3090996
3165195
2590325
3320954
3477912
2566271
4395480
3522611
19957170
3554045
1634768
1132053
1893668
1185027
1731974
1200801
1315464
1410236
1534887
2115521
1570575
1611855
3146387
1784844
3381701
1009337
1015079
1940496
1059419
1980198
1151465
1199615
2348091
1200572
1213484
1119630
1259273
1461156
1269599
1305563
1322753
1513247
1983744
2040465
1529063
2232540
1653863
2386701
1749221
2654352
2743734
1946774
3079935
2033960
3458067
2211755
2262716
2305952
12673338
2807276
2943716
33121962
34692138
1000937
37958034
41882175
1522793
44805519
1073850
1131936
1020701
1078727
1205139
1224651
1113488
1169459
1221794
1289696
1293095
1333667
1464810
1439759
1478202
2025665
1591542
1636551
1846512
2023200
2028300
2029347
2127051
2721473
2175159
2188266
2239341
2304267
2589510
4126859
4480976
5525460
3231276
3511554
8152202
2480838
34983044
2744781
36809588
3005337
1099283
1121669
2601807
1136126
1194866
2770095
1276919
1380744
1448858
1567367
1458759
3529071
1961393
2090012
1070073
1135169
1108038
1120383
1278410
1487222
1499612
1136436
1640237
1271019
1284258
1854638
1949093
1968044
2174171
2208794
1331790
2273909
1462713
2467310
2613686
1514190
1536144
1544580
2704112
3209771
1656930
1658724
1665003
3359933
3469784
3509942
1766109
3980024
1827558
1880175
2046195
32500088
2138916
2245839
2253240
2263251
1152896
1267268
2312775
2320095
1541117
2390133
2537208
1889003
2543172
2776250
2811258
1158146
3031992
1017890
1021835
1296015
1319339
22304832
2187657
3217458
1705496
1362750
3059220
2355257
27020598
3931056
2647097
18381159
2678864
2703350
2733011
1238253
2718093
1925358
3461963
1233666
3494717
3910355
4599020
1223418
1314384
1949588
1327845
2073062
1484277
2662646
2203674
2287590
1497221
2300336
3110436
2403326
2412785
1917869
2351042
2411426
2678549
39749705
2060816
2350073
1122297
1152876
1163985
3627791
3652763
20988401
2530521
2977779
2409864
1170884
1255862
2578695
1342277
1430262
1439201
1464200
1468607
1543383
1375194
2853902
3047300
1740243
3096749
1246706
1713039
4160108
1693805
2934441
16731399
18704199
41572964
4115922
4237509
1108095
1596660
1982478
2008848
2244156
2391210
2694063
2805096
2833911
2865495
3299139
3774369
4524401
1352148
1616784
1729883
1539581
1975784
3100689
2868242
3526604
4249509
4183175
1232616
19797572
1547586
1097777
1971849
2160216
2468298
1541870
2956494
1928504
2136179
2185481
2194604
3755799
4220508
2706107
4639080
33063429
1127085
1360101
1631094
1432124
1911878
1331631
3517913
2100687
4241784
1162257
1219083
1237404
1347078
1375695
1615770
1738584
44448617
1773057
1363796
1398038
1627703
2982131
2997747
3060270
3642288
4062282
1602363
2124204
30968460
1004664
1086498
1104990
1140558
1449291
1280114
1458059
2200335
1757432
3725436
2947212
1231410
2423567
1688058
2210643
2566889
3561078
1130292
3147779
3219224
1090332
2026971
2540403
3172068
3363009
3974351
1096289
1450413
1482315
1837956
1855665
2069345
2837337
3733341
4198746
2042270
2013072
2408037
3589737
4220489
3504270
1327998
1177563
2583159
2470347
14002061
1162106
2209202
3062850
33570765
2356857
2308335
4860338
1525602
1543776
2207051
1875156
2167440
2443482
1189352
1424990
1599737
2797872
2958543
3470462
3280203
3623607
3689871
3310832
3436268
4611738
1412337
1384541
1886403
3102726
1007546
1013915
1259942
1314701
35875596
37214145
1459703
1506710
1715636
1601196
4275903
1008039
3620048
4553925
1704546
1690730
1786025
2453663
2566346
3908106
1239558
1292748
34951304
1329351
1389249
1487763
1140278
1554630
1228220
1224746
1226120
2168628
1423358
2196243
1439648
1972763
2656401
2037593
2051033
2773704
2854776
3541830
3600003
1059512
2845445
4428513
10417500
1236300
1388691
1128374
1138370
1222208
2295996
2521977
1302905
2622734
6275906
26346680
1159049
1166690
1134356
1231070
1458491
1653743
2665415
2667701
2844653
3405020
33701853
1428981
41738474
4317453
4663791
1343544
1381161
1730711
1838189
2158380
2896773
2293649
4213209
1397568
2712050
2115861
27476493
3898868
4220507
4349174
25430243
3413402
3529418
4059710
2154992
23826008
1001756
1425401
1679093
1743722
1790858
2156375
2501345
2748122
2980886
4262531
3719723
1061501
1099304
1654295
1789163
1000103
1380092
1497245
1653833
1755470
1906100
2083052
2601521
2704484
2793053
2901752
3522377
3756575
36764036
1079459
1641128
1696907
2614853
23042240
1273013
1328498
2059754
2458832
2617451
4275641
2257289
2295926
1421870
1535291
2403833
2441597
1428266
2609327
1178951
2025311
2139005
2356694
2358746
2582096
2587172
2913653
3409250
3585137
4319651
4550468
4571228
5326502
45610949
1258028
1412006
1642751
1691867
2112668
1324985
2072156
2171495
2240888
2315888
1934393
45139001
2560421
2697269
3167510
3209444
3588020
4165838
4630931
12984155
45701285
46409666
1162439
3040229
1061384
1119569
1365014
1411697
1471913
2402204
36277517
1934984
2356709
2578391
1224104
1311983
2002622
2767781
36727286
2509826
2683301
3065582
1121825
1558637
2061512
2141282
2826440
3146672
3271787
3761954
34508516
34881413
2183399
2197379
2217968
2445404
3733259
10847366
1121561
1468346
2294240
3276812
48197525
45552869
48785822
23654645
46428356
4585985
1023524
1270052
1339448
1345196
1806986
3417296
3642116
8963507
36361910
43521002
46326077
4250207
1824434
4079303
43207424
1227140
1391783
1407809
1719344
1904207
2338208
2773460
3026195
3275918
3780122
4107269
4845092
6566654
28953662
30874247
2488349
2834054
4359425
1881419
2201426
3121595
19328663
36011594
1467683
1540643
2186030
37837940
40861268
1088882
1106507
1235360
1268846
1746956
1783454
1996988
2244221
2517863
2563517
3390152
3449030
3605585
3646436
4048553
4100639
36910424
38426477
2453111
1384484
1722524
1052138
1084307
1126544
1133819
1270772
1278527
1308335
1318676
1380560
1599389
1621109
1736939
1794617
1980302
1988234
2106650
2147672
2177744
2214440
2237327
2254400
2271338
2272136
2406566
2415632
2443439
2449403
2457323
2476958
2481428
2495660
2548205
2557436
2568392
2599607
2672342
2735201
2797655
2883923
2905439
2936495
2978369
2981636
3028775
3062417
3112877
3113339
3127073
3250268
3532904
3789848
3864425
3869570
4211483
4248395
4383134
4387556
4397636
13962053
33857780
1089374
1124033
1132457
1236125
1413983
1459985
1667987
1849391
1901981
2038976
2043836
2184803
2230178
2239889
2270573
2453609
2555213
2712191
2821760
2872679
3159833
3311459
3528887
4423955
4489112
4499039
14121233
14534996
16434446
33328406
1740314
2587850
3000053
4255877
1138928
1165346
1188869
1285145
1310111
1499204
1928012
1944272
2227562
2557697
2576051
2609552
2776499
3425657
3509624
3774725
3780749
4418468
4491380
16629794
28825115
33662222
1058456
1088492
1168385
1213142
1282298
1393382
1524041
1678610
2572745
2684855
2855279
2937143
2951780
3095801
3095831
3108161
3138746
3266444
4154402
4239245
4240685
2729741
37938155
2082251
2787173
4429004
1388744
1802108
2041574
2337902
2388356
2660360
2680805
2840765
2850266
3283967
3542519
3591347
4029002
38943350
2085269
2722943
1020215
1032227
1110038
1157120
1223849
1309616
1330067
1361498
1373228
1423016
1437212
1464689
1507838
1556474
1567193
1616720
1642217
1680398
1693691
1737629
1746833
1802936
1806695
1904096
1992464
1995116
2039828
2064653
2162906
2214314
2565722
2583617
2878859
3314204
3647435
4310102
4508417
4571825
5463569
14693333
15835325
19001291
26190377
1000073
1230626
1285025
1332743
1336733
1361780
1413650
1419923
1475426
1495262
1496657
1534136
1592966
1615961
1700654
1702529
1747436
1782785
1852220
1999247
2023526
2035502
2062391
2068403
2096579
2133494
2303675
2335913
2363201
2376140
2442287
2483147
2483315
2639441
2804396
3000821
3032363
3308117
3470951
3490088
3594746
3861704
3974558
4501784
4817000
8084441
21355250
26688086
2169014
3886712
4083887
4646819
50116577
1339460
1819052
1973069
1187159
1667354
2691908
4050299
4590551
10603064
35512049
3605705
2457962
3515180
3851438
4198340
4852277
1107137
1246475
1326767
1330283
1520384
1551617
1585418
1608956
1632554
1708763
1785908
1792481
1850237
1878326
1883402
2041100
2069690
2171363
2284112
2324864
2359091
2653151
2783423
2949476
3092357
3356741
3370262
3538193
3561788
3603191
4286255
4323632
4405718
5608991
24119189
24190061
25502804
35868971
36763616
1012250
1130096
1173152
1197344
1214015
1215926
1328882
1422122
1432748
1451876
1601627
1679048
1683893
1804406
1811432
1894346
1916519
1973477
2019509
2186564
2563829
2620772
2810258
2869067
2879900
2899712
2910389
2922041
3026186
3256643
3318320
3440087
3557597
3685478
3699050
3757769
3874685
3943517
4003520
4323812
4421273
4480964
4910927
11234429
11612741
12027170
13159613
14158490
27653909
29692424
30150209
31015028
1437392
1892198
3263453
3570959
16774502
28567370
1107374
1466960
1063703
1343237
1713050
2004050
2025623
2928623
1293251
1564283
2118656
2180249
3902336
31518893
36497759
2412716
3958346
1009463
1080194
1172348
1501424
1768145
1824620
1872170
1947803
2165834
2176214
2177444
2320133
2338247
2379674
2382593
2417702
2422268
2425727
2511080
2560763
2581355
2670335
2717615
2739407
2805605
2826257
2866847
2879489
2890226
3098663
3118070
3140495
3211682
3372914
3398123
3409409
3465353
3488192
3568097
3591815
3626501
3779918
3848741
3869297
3917507
4018538
4493282
4556816
4692815
4738688
4743656
4815944
4859147
5397191
7131704
8001551
9155261
10238189
1104116
1134050
1176716
1193108
1212170
1455347
1646717
1832246
1904996
1952609
2112140
2229329
2239415
2311100
2380100
2443352
2491013
2521343
2651432
2660777
2797685
2892698
2902091
2905262
2980988
3038645
3082439
3100037
3127499
3407084
3541370
3606710
3667154
3765479
3822959
3834509
3874769
3909053
4110548
4253132
4329761
4576868
5580923
14098100
14538380
14703140
15420893
17412563
20759981
26709845
31324529
1090727
1667324
1724252
1854299
1988795
2308859
3918410
15182501
23982992
40143476
1000949
1054481
1123934
1203728
1405148
1409444
1528991
1905221
2002085
2036078
2095016
2175542
2271182
2320319
2341541
2356667
2475293
2594918
2666933
2723051
2754590
2914451
2984045
3129797
3167147
3323771
3564785
4338560
24083807
27487313
1004816
2030582
2254235
2470526
2636387
2356274
2857475
3274124
4059689
37839833
1125404
1466135
3182219
3429803
3867830
4696568
14009378
35298008
35695910
42010130
1056038
1104581
1110674
1116491
1175597
1222532
1231214
1278929
1417430
1457252
1462934
1548158
1552793
1647113
1656188
1695242
1725497
1787546
1860785
1980794
2034428
2068115
2073233
2133128
2137403
2190869
2202605
2245751
2427770
2456966
2635013
2642207
2798756
3089711
3106799
3245051
1080818
1085942
1141223
1187579
1204823
1263983
1291640
1399604
1429559
1483010
1526855
1535816
1712273
1740269
1815941
1834136
1970591
2214878
2242427
2486033
2579603
2636897
2675297
2691662
2728733
1905242
1032860
1167773
1171046
1309691
1400279
1535600
1577210
1711760
1804574
3380966
3707909
4397594
1180505
1202882
1323113
1451738
1679516
1783625
2412647
2493224
2625899
3096815
3116996
3292235
3293408
3308621
3477710
3613076
1029434
2671655
4360406
4778213
19402937
1021394
2141336
3370439
3593624
3944477
4125476
16915019
30998825
35131604
50319767
1021172
3950609
4255097
2252144
3190112
16157966
17776532
37718744
40851950
41771879
1201040
1269662
1355630
1560185
1793798
2064770
2222585
2256272
2404088
2471450
2547308
2564117
2797691
2890805
3046730
3178859
3409313
3629483
3919547
3985691
4005149
4534046
4652009
4920287
6457943
17784395
19477547
25472693
28929725
28997888
1178051
1328519
1389251
1450727
1569074
1945268
2003744
2104403
2117411
2199917
2484293
2556152
3007004
3104153
3168584
3494159
3522464
3632588
3652868
3797714
3897278
3988919
4171802
4174847
4261550
4292501
4506674
4673255
15259445
15335033
19366364
19442318
2134031
1097267
1179389
1417715
1428653
1440140
1472246
1680950
1854467
1869323
2016455
2104259
2271032
2461031
2506418
2603444
3795239
4069076
4312367
1245284
1411412
2102156
2633012
2644538
3425243
4347674
38734550
1548938
23966060
1220981
1227536
1371281
1442864
1762751
2111474
2177249
2205731
2552495
2563643
2767712
2826041
2913221
3371252
3421922
3470294
3501743
3662222
3713714
3725375
3895544
4044695
4111985
4310339
4403393
6701057
17403596
22048193
23795480
23824718
24056750
37921823
46216517
2749706
4222973
1055084
1080485
1183382
1204430
1358906
1475894
2243312
2818529
3023168
3548792
3798677
4453856
4740479
6750728
18345959
35794403
39785393
41259359
42913835
46187120
46291157
46910183
1050083
1131476
1482023
1506002
1559510
1672739
1743749
1786484
1913240
2104178
2250512
2415413
2549090
2571569
2697797
2786417
2846288
3058589
3460403
3769604
3798473
4535762
4645418
30710969
34853342
37516574
1062461
1146572
1179425
1238696
1355237
1549448
1667114
1795901
1851116
2158961
2273150
2299469
3103028
3162419
3229925
3408392
3787415
1631504
1678178
2035730
4206353
4523147
3735866
2485604
2263595
1462487
1462811
3306698
4386551
1513721
1562900
1616459
33410955
1217055
1289574
1333482
1123543
1335975
1157833
1167931
1416549
1506165
1225297
2736180
1292242
1301374
1571313
1886034
1945884
1379848
2336429
1674756
1569517
4456152
1947286
2116780
2174017
1265106
1301325
1651674
1158413
1290947
1323221
1376885
1469315
3310483
1524851
1531799
1610825
37599379
1094824
1622837
1478878
3671085
3418303
1817513
2011722
1839107
2492836
1871453
2852119
1030968
1883807
1979963
40974714
2366022
2404613
1640325
1702434
2442845
1253878
1441476
1212639
2716079
3187600
1480770
2815382
2868425
3038867
2478042
3208406
2927037
30516450
3345812
4378585
3405692
3504395
27372492
1072401
1231896
1057384
1428963
3966566
1460460
2163538
2403859
2467711
2548696
2104428
3990443
3606403
4281170
4339619
4087531
3056457
4916377
4445492
48252952
4473998
1029511
4603811
1211938
1231759
3815817
3850752
5085239
1459534
1726126
8087936
1987228
2095705
11013722
1105231
1112542
2252538
1652299
1791760
1050263
1096742
32335845
1220141
42882777
1372202
44587017
47849250
47966661
1222656
1232754
1313070
1853018
2401275
2007521
2617437
2352275
2352551
2449496
1304731
2646461
4456248
2791001
37259109
2814590
1202991
3273653
3323948
4230135
3460862
4360086
3680537
3997175
1112842
4212158
4213310
4233612
2482257
1486306
1559746
3549699
4587791
10907969
1302555
16979102
2460985
17038799
3574033
1499454
28315654
1549041
1585785
1079060
1622565
1740210
1815831
1939530
1348757
1996236
2032326
1456052
2135649
2154462
1518499
1585643
2285067
1734578
1786682
1614835
2041876
2659294
2801011
2242604
2259530
2281784
1000795
2296985
3270156
2421416
2434673
1041637
2514602
2552801
1121062
1130017
1174072
4506489
13788600
2866727
1329001
1332544
3040145
1376275
1381882
1041972
1437403
1194066
3361511
1487049
3496649
1466425
1767486
1478530
1486753
3834713
1873419
3891665
1904610
1505614
1979121
4052429
2111193
4220606
3288912
1566829
3927255
1572835
1726033
1740349
1291221
4466261
1800982
4526213
1952461
1990156
5918987
1871646
6382757
2166696
2037115
2265489
2590905
2155093
25679520
37128270
2316271
2332504
2371180
1523025
1197758
2574355
1336440
2594524
1198128
2609896
2490942
3912387
4662320
2198108
2693253
1350021
5322582
3527338
4361402
2630156
3893161
4239997
4279813
4360225
4601014
4262010
22022422
1804821
1919253
40769668
1298826
1342053
47745484
1435926
2057382
1241394
26489279
1460136
1684956
51195460
2929274
1971429
1014196
4339886
3829407
1034875
2054328
2453346
1708541
1043128
1044034
2869029
1046464
1514185
2395192
2259229
1094489
2382454
1702616
2619935
2280013
2729324
2055327
1783546
5783426
2241745
1164281
4372104
1116100
1094678
1251842
1333997
1415600
1050613
1892686
1615513
1937846
4350183
1137856
2186288
2401769
4335546
3166274
2756367
1101847
1121626
2015034
1745508
1490376
4244006
4474118
4647182
2022222
1217311
1315560
1242838
1254724
1980756
6003153
1276303
2222397
34555502
37238210
1379959
39258914
1219623
1466937
1726890
1463233
2086452
1519351
2150904
2326917
1742389
2362137
2379636
1781851
50054684
2563548
51549887
2680191
1013918
2717445
2855190
2864250
1177571
2959560
3188910
1253270
41463844
3623400
45892201
1334567
4038042
4313817
1584887
1250044
1727444
1318813
1015239
1820876
1897367
1198179
1967411
2061815
2533573
3435735
2837836
2087504
1250835
1255665
2125541
2266399
1909845
2009007
2626098
2308757
2334392
3127405
2356871
3283021
4166796
2616464
3373794
1428580
2680553
4846845
2763437
32511450
1565341
1297935
3412778
1420935
3478223
2303263
1451370
1564482
1579890
1019245
1794307
2725497
3120087
2099512
1636873
4360569
4322690
1471099
4487732
38690373
1299955
4589075
4494622
33828285
1999660
4664618
4711388
3949609
4848539
3818974
14534960
15710813
17806865
22458254
1227804
1888228
55479003
29287397
2996614
8616903
2906494
32330402
2596711
2773012
1396251
1129218
1233159
2005984
1250064
34345310
1572750
1682484
1747122
35545109
2108298
2235432
2317062
39802622
1048225
3485484
4164102
43361726
43509881
17187735
1336345
44393597
1189470
2187003
2269968
1763683
46643624
2693670
4665685
3146748
1679464
3553248
1829992
1910881
4259793
50895767
1040819
1196949
1080050
1215612
1120400
1347975
1171070
1198262
1216904
1318016
1399499
2495631
2415951
4686262
1557272
2788812
1144753
1694495
1141906
1733129
1188952
2128509
2570808
1923170
1968308
2073680
3421384
3828799
3534813
4615329
1023625
2396198
1052452
2621888
1152187
2712449
28375215
1633486
2902685
1833364
2026987
2683957
3059000
29794556
47766833
3415472
11446235
2157327
38361845
43194626
2256096
34042754
1075966
2877003
48275486
1355278
1706854
10649297
4741932
46255694
46966983
3311034
1228027
3702773
39501821
40786382
3449867
3863203
3599687
41949036
1516009
4191827
1662625
4319276
4322882
2045197
2376832
8006429
1559625
2288272
25538561
1038372
1239663
35528531
1005844
1563957
1692027
1047694
43330877
43386239
2443920
44824919
46110521
3679305
48486542
4036123
9205476
1144796
1033840
1337281
1285334
42765615
1518496
1530266
1761164
4379044
1828256
2928559
2020340
1223682
1238487
2097818
2354573
4634831
44043575
1454989
1790811
3452528
2834543
2031531
2242575
3537443
2756045
2392809
2414685
2519151
3302741
4384268
2765475
2587772
1724278
3785789
2913300
2913644
2980668
17048273
2656643
3128757
1349215
4447619
1400350
3610523
4237649
3566811
2909221
3902460
2707385
3919809
4194550
3542864
4646371
3991739
4191038
14311551
4572296
33763738
35793150
10617116
1239300
1672240
9108378
1147100
2056780
3561022
1252439
4045500
6455221
1281659
1395031
1304591
1374505
16092822
35543698
1468022
47314347
2438221
1580264
28907269
1606175
6546151
2197556
1944229
2269484
2273438
2371826
2448911
3054915
1776222
2611862
1710016
2624339
2094796
2702084
2310397
4151175
3157673
45793878
2557078
1226832
2835511
3568883
2908645
3591977
1869759
1893009
3659798
4204666
3938294
2787810
3783357
5899807
4033706
33386991
4220609
38553066
42248103
1310005
1517110
2336705
1594113
1752754
1699629
1860820
1746399
2110570
2112652
1850940
2230960
4607834
2195466
42758816
44236241
1253675
2503347
2771472
2161283
1450684
2897712
1742095
2012686
3785594
3226209
3384993
2623543
3717318
2716402
3893949
1162832
1165709
4168095
4809867
12935610
15147573
1270385
4601689
1291436
1306643
31462624
1435751
1498862
1549802
49165294
1826090
1745158
3077123
2178575
2279009
36359101
3311217
20321121
2450547
2827698
1806770
1054702
43706253
1848782
1864283
1141903
1323436
2152109
1026252
2187539
1474426
2260421
2278799
2299349
2384783
2385479
1824508
1860328
4419291
2433539
11841342
1009425
2402677
1048395
2588105
2856706
1054959
1086594
1097481
2744174
2797094
2846147
2850683
2941799
3615052
2993870
1162020
1191363
1222203
1227654
1246182
1280601
4910137
16848391
1305345
1326318
2037677
44676133
1542963
2920637
1565733
3205637
1058548
1614054
1342301
1379063
1455089
1512752
1675238
1903353
2427700
1930779
1866569
2008176
2008377
2072975
2021079
2157764
4733077
21108511
2433464
2594543
1260832
2215455
2823119
2939021
2240484
1457983
1500589
3037235
3167744
2397018
2404602
3263414
4214780
4253963
2633121
2394946
2666334
4903868
2686887
4327406
37325018
2775147
2780631
2805489
2810622
2823870
3480755
2868162
2878239
2891121
40884266
2959353
3045159
3369383
1083016
39707780
3469530
49009622
3560139
3681063
3722802
3746985
2556077
2864312
1918972
2086435
3860463
2666995
3899364
3969447
4617514
3978387
2712173
3519496
3179672
4042566
2197015
4108451
4106199
4118031
1342916
1733803
2139458
4667547
7687461
4101341
4250900
7862424
32777184
37178933
2017702
1458209
1473338
2211562
1707869
1137507
1182990
2168798
4351478
1976594
1411491
3288794
1485102
1571145
3609767
1821963
1985196
2101929
1859264
4227962
2386406
4148798
2229153
37654795
43316560
2246907
4061690
2077163
2413428
1877957
2383634
2494890
1345786
2574954
3351533
2673441
2675604
3610733
2777751
2308934
2805930
2840505
2952093
3040461
3076878
3166754
3236403
45600721
3333768
3447126
3540942
3641265
3668118
3712161
2908990
35552671
3887133
1604801
1926002
2549213
3890097
3905712
2599229
4039881
2971058
1439179
4418226
1692319
4512066
1944271
4575573
4587792
4275830
4460597
1163291
6182586
1866584
2808178
6877443
2025380
2625716
2687207
2699783
2716265
2731424
2740580
2774873
4356575
4648925
20776101
5952860
30668946
34389348
35123460
37039785
1053899
1145049
1114724
1117625
1036462
1139213
1211822
1243099
2675316
1387508
1343074
3791892
1348839
1492349
3137154
6039855
27748110
1981374
3740820
4597665
1599191
2178084
3419853
1477366
1480282
2286894
1574506
2875452
1027686
1075413
1894808
1878313
1386555
1965434
1524195
2003213
2018345
2071432
2032745
2099591
2016756
2218826
2208406
2336855
2433773
2402811
2435021
2458916
2465780
2546380
2625053
2959161
2655599
3161301
3333564
2650618
2803133
3597042
2725417
2826593
3113846
3120077
3147116
4352562
3210995
4392918
4498752
2896462
2948005
3415601
3031756
3637793
3491182
3990278
3658948
4098764
3732574
4370264
3842266
1978047
4602044
6379488
4191223
4399969
4468285
3520271
4518304
2778573
2283486
7695028
1086977
1148042
1082118
1538967
1783083
48634804
1398338
1909287
1717805
1721714
37679542
3633998
48304051
3666680
16728517
4091715
4220172
2965280
2398322
1165245
2006231
15412639
2420120
13872529
1852923
2593496
3294221
2094462
32435887
2111048
2242289
37919362
2532635
1325159
42909472
43977682
2168539
2666668
1204619
19719979
1238816
2859909
1056325
1390646
1391525
1613962
1412261
1423895
2397313
1248558
2401186
2691856
2703223
2213514
1526321
30345552
3608908
36188646
3668263
1704929
39553368
1765871
2060967
1837892
1845272
2544969
15585613
2848086
28580965
3168438
3065249
2717687
2117000
2771837
3305909
2012212
29839116
2618593
2341916
2158871
2946083
1079163
1102125
3416695
3828034
3855922
2383059
3469899
2092874
3199560
2199842
2210378
2216291
38882467
2054283
39054445
4560828
2276810
2304437
2340293
41685556
2469164
2603015
2639648
3391650
2811242
2867834
3177731
3228753
3182408
1198347
40503883
41195353
3310517
44173072
25806342
48899383
4119896
1335762
1066739
1350305
1655822
1001747
2229276
1060703
2809587
1148548
1139300
1420012
1753876
1241478
2253519
1245935
2188189
1301591
2754147
2586283
1402637
2670841
2818447
1781790
1444475
3143719
2376534
3346192
3192789
1508408
1556963
3467668
3472990
1000530
1004736
3506365
1671344
3593062
1733663
3615202
1026897
1032549
4296106
1088472
4618381
14317762
22561315
1140540
29930119
2589464
1148103
2594735
30171106
2718989
32194156
1157082
1170522
33112921
33998710
1181358
35100301
3159707
1182159
1183545
1215918
36504439
1234107
3673811
3824498
1256103
53643697
1009559
1263201
1288041
1301976
36457579
1343496
1216583
40196458
1296878
40299328
40798672
1385289
1395840
43044511
1440093
44321674
1448376
1449015
1512828
2986214
1517064
1517085
1530939
1868537
49226668
49342135
1556361
3397658
1557975
1559505
1574916
50808157
1669799
1613661
1656108
1568192
1766990
1722777
1910285
54793711
2014574
2083589
1272154
2157974
1883874
3883447
3646477
2137194
2739080
37499308
2756408
2919740
4914814
50465512
2374467
2441727
3241085
3272825
3321353
2480871
2607546
1267612
2712315
2820426
2861061
3015537
2812570
3055605
1335122
3299793
1547789
2488813
3541966
4412741
4117857
1900921
1345784
1548278
15723795
2833177
25709568
1000158
4592476
2194898
1010931
1017777
2553467
2614031
1905604
1031154
1099602
2847137
2891750
1129677
4580375
1165185
18039137
1202928
42787312
1229220
1067083
1374141
1400043
1404027
1448772
52170929
1367059
1486254
1521291
1156934
1170845
1527198
1211474
1232462
2945443
3153643
3243979
1572261
1012009
1042639
1530488
1577160
1125862
1171180
1208365
1739195
1776269
1415116
1844858
1893928
1775502
2269961
2303954
2340803
2343122
1905819
2358539
1962177
1404589
1426843
1471960
2006889
2008062
1961170
3162428
2264365
3478862
3491858
2344018
2086407
3632891
2124756
4239191
20219177
2219610
33836819
2229375
1077083
1167988
1148975
1318798
1269929
1288823
1809190
2350908
1374254
2542852
1436795
3489604
1528349
2526108
2555052
1775561
2558325
36295153
36501310
1862354
2578605
2579130
1969790
2584281
2009069
37925065
2039441
44579395
2617086
46024246
2654340
2136740
1342570
2056786
2726016
2754531
2547097
2819511
2848512
2530031
4007284
2578613
28298890
2719238
3231036
2816630
2286634
2972657
3315009
1037851
3383313
3512675
1114075
3519396
1176256
3722834
1184515
1240177
1266697
3983837
4008914
4255904
1349839
4498541
2100508
3693111
2228947
2333917
3826620
4675235
3926181
3133036
3938745
21047411
3408718
1065341
1066790
4351443
1346240
4741527
4350202
1743626
1914419
1002916
2159618
1859250
1024738
2647695
2168759
2904315
1035076
3488166
2270231
4190037
2274140
2374949
2397617
1110058
2124912
1224556
36956691
3333314
38777535
1417075
4020083
47162253
1478221
1515955
1519795
1523548
4337813
2635428
3117654
21560589
1233405
1279185
1861840
2571299
1434729
1011851
2118865
1504931
2184127
2237917
1809956
2370906
2275603
2317729
2461184
37681195
2490031
3348742
3656867
3660521
3266143
4499360
4854729
2800096
2408569
4046854
2956033
44671136
44971541
46181013
2428798
1094339
1106534
1155700
1178132
1181561
1180108
1217126
1240867
1234433
1471093
1350812
1467059
1522256
2102310
1684267
2401384
1724933
2561311
2407254
1911398
2934396
4021399
2117720
4360116
2762897
43657135
46339831
3483143
4887246
2738539
46474228
3949460
3955994
2972053
29325002
4268285
1498870
2895560
25854797
1667326
1076754
2217938
2240972
2267141
2284352
2332868
2437820
1330947
1360065
2560361
1318147
1416795
2620082
2689961
2734973
2754065
1446015
1462179
2072968
1483758
1502940
3019288
1576590
3604411
1620255
4378945
3044558
1277941
1882740
33735776
1975056
1343614
1357051
1388743
1401865
2098470
1452193
3763046
28047698
3221056
2267310
2275035
8933857
9384892
3393941
2506785
3441860
3605624
2571360
2621037
19665085
2627262
2660646
44199118
2707443
2740590
2784423
4051052
1194610
1353622
2957355
12868169
1000153
1005697
31026869
1016620
1125503
3213873
1069873
1608017
1617545
1127170
4370094
1131697
4534983
8114373
14013393
15154848
22201185
1167133
26354145
1191229
29281332
1195084
2935010
1209607
33752763
1224699
4210314
1247218
1272076
2047416
1123502
1306996
1269920
1312465
1439600
2040939
1790222
1801484
1346164
1867058
2079881
2004792
1362325
1376971
4340130
2599937
3979338
2797931
1002205
1089018
1116489
1211526
1212720
3530885
1013239
1251984
3785843
4018580
1288746
1013959
1363740
1386447
1021243
25818617
1024588
1554984
1026535
1028668
1032067
1606509
1077901
1713555
1759851
1941762
1976694
1561796
2019822
2049063
2052399
2597105
2054259
2085165
2921126
1156015
2267595
1056586
1748708
2417658
2260973
1129888
2756838
2788659
2871888
1053331
3076842
2870066
1070356
2897954
3153939
2925710
1076287
3546779
3287766
3603333
3629307
3796811
3693369
1103197
1104004
3806472
3921012
1116958
3953946
1125979
1076083
4222796
1089775
4646921
8222084
4453479
4472688
4550502
1345342
1404670
1409440
1485676
8730798
11728443
1662097
1704805
1704979
1705870
1264208
1863691
1150227
1195161
2066684
2116237
1854696
2114232
2218692
1015583
2444751
2805241
1064630
1129895
3439102
3210465
3555222
1236299
3733939
1278632
1291400
14140341
1318364
4291981
1418123
1457393
1453032
1457940
1512623
40767606
1532624
1608542
1623752
1001671
1066672
1428897
1666776
1851443
1685733
1877591
3109200
1923023
3737436
1222698
1218115
2027411
2065316
1293403
4329447
2191859
3832017
2193773
2599785
2829824
2869238
4355421
3702183
2425576
2672693
1354173
3310412
1980883
3974778
2314697
1380738
1656289
2275130
3050192
1540873
2251366
1397278
2387188
2669193
2669881
2524865
6129861
1972870
2929752
2242364
2257631
2146683
2299499
1347511
1373185
16558200
2333462
1408702
2360555
1413196
2813868
2362067
3483096
1658353
1688995
2712564
1696390
1696633
1790917
2450327
2488700
4705359
4499859
3253641
2576759
1032708
1802887
1982872
2861708
1832124
2225080
3029921
2271718
3082004
2343943
1803324
2812585
3589233
3303205
3357385
3851478
2629290
1105478
1125533
2193418
1456172
1434222
2314330
4112628
1334810
2527051
1156245
2619232
1425126
2213033
1432914
1676813
2646134
1303838
2152052
2238752
1907423
1835517
4320343
1854942
1804682
1925025
10931635
1585460
1897109
2226066
2247597
2289174
1274405
2758330
1393553
1214917
2371482
2385702
1804007
2626101
2330726
1532539
2385503
2845650
1649650
2930169
1715878
2791130
1861501
3005193
1913617
3104019
3139605
3334973
2017981
3329448
3352517
3356718
1009793
2152804
2901218
3521244
3573441
3700707
2304322
2329228
2470829
2338030
2357221
3742758
3390503
3447251
4880651
2541673
1288844
2568658
1343945
4126113
4133805
2614270
2643367
2657158
2664946
1704389
2675029
4395696
2860315
4536573
2466872
4801995
2475455
4849368
2534603
6357357
2542679
3389476
3405223
3397112
3475373
3552016
3744008
3707350
3835174
3845455
4063729
1197414
1240656
4565522
4795922
1310898
4584061
4675813
8771141
6292228
1428186
1437063
1471884
13413323
1533288
1761318
1176271
1183441
1187542
1195918
2084412
2126967
2157030
2167161
2172411
2207181
33376994
1396048
30944273
2379369
2384925
2449755
1661998
43219472
48083963
1728274
2761461
2145487
2942238
3018801
2475385
43744823
3266190
34278503
36279647
3319155
3493702
3449898
41007836
3453975
3577722
3524686
3599403
3676453
3673431
47219342
3712054
3718117
3704424
15457577
3838989
44190344
4621633
3961620
22342663
4036206
4049856
4088358
2071331
2195501
2206652
2212175
1918981
4195866
2369834
1549879
4297962
2401213
4392354
2306788
2480978
1089751
2657048
1247587
4574934
2926139
13208484
15801285
3271430
15835146
3502487
15873696
1153279
2910517
4152983
26420403
4308488
13246502
1498591
38565983
1873699
3088906
32998743
1122877
1204876
1252786
1540917
1437949
1693719
27673514
1962282
1469524
1640914
1651738
1681609
4838825
13969634
2007571
17268230
2522887
4154355
4332027
4512849
10061910
3172144
4394525
44018172
1850820
2017278
15340387
1048973
1027366
1044013
1162115
1113697
1144870
1169017
1416353
1322431
1000377
1757021
1820963
1021512
1064952
1831321
1070319
1080543
1107747
2771734
1203294
1210839
2912537
1431000
1509879
1636345
1572879
1642164
1685946
1911327
3812825
3911123
32928442
2210730
2221866
42873712
4048439
2450220
2453886
2470155
2538090
1367332
1494037
2613861
4356566
13825805
2103013
46288503
2214259
2478496
3643509
3149977
27953829
3415777
31128825
4027476
1184477
3959232
1270790
1285208
13794318
3523140
45957877
4396629
1772905
2042357
2204881
3689502
2665392
2397476
2620134
4492807
2450995
1250865
1475146
1502302
1494042
4335704
1648839
1967346
2192727
1900610
1954934
2229837
2444097
2740501
2469437
3004203
2886722
1076581
1127832
1219711
1225596
1374526
2677681
2063403
24583439
3925582
23733331
43379492
1444964
2076551
51344275
2097287
4381851
2518949
4549448
6885293
1112518
41058350
44182340
2163340
3026725
1197524
1321096
1439075
1668868
1712005
1742164
1833616
1942396
1106892
1114785
1546236
1622088
2169046
2228170
1915368
2184633
2267178
3558745
1844924
2202512
12091354
2317682
2416835
3928063
3871818
2639366
56018020
3432998
3663506
1165909
3774986
1199599
1738714
4473488
2290264
2526664
4593332
2636581
2856826
2903161
1015125
1041702
1109886
28465565
30361235
4694020
37812083
1164894
1167171
1198662
21020530
32840365
1284075
1329741
1382514
44044061
40483999
1397328
46192375
4087129
3194008
48448412
1448523
1687564
49403219
3635338
1576578
1620354
1096081
1290229
1704417
1338358
1534006
1736589
1740354
1548517
1695010
1765386
1806003
1933717
1825089
1835526
2307007
2360728
1174205
2684926
2113698
3237952
4480934
2208381
2215212
2227419
9549829
2233611
2249013
2276457
2278407
10116986
4380329
2310108
22892572
2412900
35828464
2438385
4482368
34510558
2574314
1234354
2011876
2654808
26476952
2832511
3406745
2199014
2042849
3407183
2273086
2460253
5835415
2916869
3534852
4409918
3117177
3215802
1679113
2707663
1412543
2973057
1714478
3150096
3148872
2134466
1086769
1188262
1198855
2442170
2637878
1357963
1490922
2660480
2758823
1017234
1558612
1064790
1622791
2924783
1720330
1118562
3097124
2176363
2295610
3218321
2358829
1240953
2560330
1247805
3789074
4136051
1341921
1401816
48829270
3664762
1476495
43861493
1528077
2741129
1541262
2838538
1554030
1554126
34360411
46092389
32566606
41520880
1606758
49373155
1636404
33914342
16633444
1163660
6417847
4473365
36021614
1665890
1661796
3958513
3127507
3069365
1765197
1809102
1834095
1843872
1857705
4103192
1872021
1170652
2093778
2124099
2157162
1328785
2169828
2201574
1168571
1217597
2202642
1523950
2238051
2262789
2270961
1345562
2275914
1613929
2320008
1631758
2321694
2323950
2361657
2261360
2401194
1854790
2398781
2526810
2042995
2157232
4690517
2217412
25665602
39366509
2700438
3063584
3143055
10439771
2780866
2835829
2842765
2928781
3033886
3547801
1006028
4113665
2887083
2777706
2052426
1842392
2574894
3982536
2447147
4308766
4628827
32815380
30700712
2562599
30944083
1077936
1098960
2502802
1178406
2889317
1348893
2725655
42148907
2278951
2578498
1542603
3548131
3048425
3758122
3982111
1804998
2706821
2083610
18727267
39586855
46215352
1572557
2153984
1423885
2533028
1522921
2718461
2781962
3008513
3853223
1037401
2926170
2176456
4275669
4409493
4553274
4244104
1918310
2401583
1288087
1063065
1318240
1451626
1164201
2923412
1316499
43954567
1397325
1494915
1153072
1774440
1321312
1913145
1992651
2095413
2205597
2400924
2620939
2627112
2741979
1116749
2941623
1707928
1980631
3119679
1150138
3180113
3551444
4295018
3623439
48301882
1550111
2393834
4049039
4597882
1344036
3169807
3118111
28349207
1729647
15977503
36250090
13822738
40368424
1275604
1121620
2717241
2731653
3325325
2846559
1172569
3498419
3674792
3193404
1344688
1473445
1227800
4689156
1573831
1580710
2343686
2648372
2050780
3332951
3484499
3552071
3951384
2735386
3301108
3350710
4233372
4233585
4243876
4565150
9827906
13549484
2297553
2466543
2545095
26334187
3173232
3733971
3852915
1566619
21867302
41284117
1205517
1458891
1576248
1279705
1942804
3974162
25079199
32869194
2388430
21572090
2571229
1511816
1519835
1865750
3324736
2142995
2399942
2428412
4310413
4543738
3449732
3277158
13391715
3928157
11603639
41400873
43010505
1289100
1097461
1338992
1658856
2214498
2472705
2057084
2163446
2255321
2613570
1895962
2909211
3308292
2712464
2381878
3669753
3651128
3771309
3008911
4234488
3464230
3654823
9483102
11930223
1001042
1084868
1086968
1141598
1430768
1511294
43653141
1562189
51972037
1578719
1165797
1530784
1699088
1310820
1718084
2202385
1433667
1465968
1806848
3082225
3131101
1823435
3427720
1744860
1852664
1861203
2191759
1917777
1954718
2101977
1174159
1423174
3055247
1950346
2209998
2236632
3372281
2681044
3528751
3674509
2613144
2646576
2829279
2935424
3117872
3008541
3628901
35887234
2034533
36734833
46423831
46966531
2169737
2288666
2318408
2494562
3760398
1718251
3912789
3933015
2883884
3071267
3213149
34097649
3204298
3738593
3743197
1217285
25727793
1606990
1682675
1831148
2282954
2366261
2145043
2581040
2854972
2652890
2025022
3692756
19551774
4601349
2556535
4191061
2643431
9340992
37955320
4361169
41240594
45408251
15903330
48380911
4579783
4056838
1545508
4767484
3019339
15445482
1449662
1514378
26599726
1126003
1693769
1705415
1840823
1704361
2015093
42704158
2086565
2219909
2245337
49820683
2717798
3262753
1468983
26613694
2904575
32468500
3206483
3222320
2026473
3281834
1146556
25612347
8026752
3456815
3556733
1437982
3616940
3841436
1617871
1681567
2102407
4214489
2602822
4309382
2669998
3191059
26537522
3634435
31227710
2015118
2116464
2150778
3906085
2159460
2207838
4015600
1015706
1154216
1187741
2633373
2876724
2924199
1744612
3619593
3648129
2288201
2427353
3972192
3165181
2987699
4129647
2797985
9429712
3606125
4536006
4553775
2485778
4661151
4676268
47653030
4895160
7783638
1763237
1183843
1030553
14363556
1476811
15547041
1484059
1243274
16752375
1272092
2417032
2578879
2758807
3210625
2026097
3929089
4131172
2203343
3481431
19554163
2746130
32027932
2770133
2797103
1093620
43724836
1109100
4220596
1199481
1017832
1304205
1304553
3674969
3740918
3886949
1556845
3987734
4148378
1471470
1504575
2247436
1196069
1558521
1566375
4220638
1617582
1744359
1806759
2447366
2443177
1874373
2599087
3274318
3164615
2283376
1171148
2012682
3020896
1251974
1260212
3592330
3888490
13426486
2402559
1448420
1231918
2405769
2423121
1502467
1606186
1638295
2828208
1841215
1867990
1728923
2147023
3197136
2273752
2307802
1901240
2402530
1989077
4086057
4242054
2077691
2640043
2092466
2678851
2102921
2718691
2775649
2106092
5918076
2115449
15748992
2236682
3517945
24202656
2764679
3737372
2146220
3555875
3766898
3176435
1440864
4738495
1448040
3552137
1495509
1718787
3281597
1950135
2030187
39579883
2177115
40544206
2358426
1000762
2282903
2762807
2549278
1009141
1026013
2389094
1050211
2217791
1085227
2347775
3014963
2733416
2667278
1224880
1229107
1344071
1380563
1436045
1814948
1849922
1956749
1391965
2079458
2106263
2114615
1595158
2205278
2278781
2337497
2071618
2416682
2359180
2465953
2462072
2481509
4626445
2594366
2667719
46625971
2692052
2727245
2746529
2780885
2825993
2849672
1878181
3169046
2398741
3266738
2473813
3383927
3395267
3425630
3284056
3464915
3505013
1831216
3515678
1258063
3323521
3563683
1435396
3538361
2893765
3544757
3566939
3608489
1285561
3678389
1806691
3694145
3722672
3448303
3889228
3816230
3828320
14332582
4052558
1192946
35601388
37787620
38697574
42798943
1726286
1741130
1835087
2065394
2180963
2280245
2676674
2735600
2752496
2808728
47466940
3572327
4808968
3316415
3105980
4235536
2527879
2902844
3520858
22078511
15503852
1565062
2514457
1947583
1284161
1606178
1767731
2017508
1099603
1856359
1556179
1559491
2120431
3781000
3263828
1067149
1145425
1194595
1217218
1243069
1245433
1382884
1398055
1668716
1412245
2781685
3737408
25521578
1477408
2189731
1429096
1995547
1048871
3260794
1570757
2304767
3113389
3300490
5501693
2367505
1092893
1101140
2516458
1425023
3504190
1442225
3358192
1650730
1792724
1685401
1559473
3614684
3646073
1939726
2112223
1529524
2326720
1435022
2959651
1864199
2151800
2459116
2547878
2671079
2695823
2916236
2201692
3363629
1564006
4586777
1581940
1592731
1713841
1716499
1742368
1812982
2303120
2319386
2159284
3082835
2326108
2459539
44212202
1221455
1762858
1484264
3326311
1724321
3476068
41377903
1006000
1022965
1035406
1061446
2129201
2245313
1088383
1345150
1358989
1475602
3732116
2411107
4115095
4607159
28188775
2667358
1194287
1271048
4701079
1432862
1503782
1561997
1586726
2985355
3148990
1707878
1831220
1000780
2045360
1176160
1212178
1353541
2183153
1369912
1451899
2382917
2519609
1467835
1482445
2652926
2695673
1644694
2734475
1687795
1944592
3247562
3285215
1205975
1270598
1514321
1516934
2639713
1850357
1950167
3130555
2257214
3471565
2295221
2333609
3833248
2507111
2729057
2834651
2868455
4218424
4324513
1088939
1096376
1123685
5984575
1139876
8048893
1152860
1208336
1221773
21533440
25494976
31493878
31786849
33958684
1328957
1341779
1350074
1358516
37544008
1390238
1396913
1444250
1451879
1680257
48973153
1434049
2572303
2006780
2062763
3913666
4623868
13634368
2175629
2244989
2258120
2320577
2325383
2334779
2345504
1685386
2125036
1033567
2457581
2519375
1139635
2580953
2615945
2628338
1410181
1410853
2669564
2777003
2950337
3036350
3688051
4254016
3335702
1339639
1528618
1551787
4240058
1809487
1905209
2704636
2707282
2185388
28705636
33955024
1144579
2074429
2319248
2615681
2654270
1668115
3038567
2870356
3130982
4220593
3338951
4735054
3519824
12329806
1111054
1122439
3966620
1147258
1148227
1301911
4077116
4380578
1047055
1122790
8094059
1147630
1250794
12737819
1548106
1618135
1661947
1687540
1697104
28371968
1780423
32886503
36313745
2431159
38604476
2767957
2975920
3255622
44723828
45119600
32354251
42846568
45922253
49237793
48742393
49297919
1147231
3086929
4562725
1310621
1949129
1576129
1998854
2299175
2471408
1328533
2612036
1407721
3162065
1742047
2207833
3700382
3736028
2503684
2743330
2930623
2948299
4014359
3110536
4076780
4711121
4260790
4589369
31557958
25877291
36798793
17602592
38928178
1089499
1182787
1274167
1715555
1558292
1601377
1740457
27396569
3657863
2434289
2308129
40144622
1485080
2816413
2877383
3220334
11721191
27396548
4003438
40446989
13406542
43821356
22847950
28703551
28867816
1184060
1205387
41055337
48627064
1272488
1277045
1926085
1291880
1349483
1448492
1478714
2728450
1530044
3274897
1577252
3830131
3876736
1632173
4262014
1698992
1158142
2117318
2154119
2344823
2454719
2510777
2670836
10559527
32210767
3348071
3431552
3432479
50115952
1017955
1161052
3686900
3780644
1384009
3859058
1478647
1526347
4133516
1648831
4192370
4351556
4390346
7837244
2956345
14268365
4293274
4660171
37023131
39204851
28483642
41223005
1063489
46263752
1087291
1075919
2056144
1505549
1695353
28197733
1244518
1417867
1934317
2399501
2448005
4903006
1555612
2891854
2488790
2522567
2681909
1533199
3257846
2944075
46035988
1221014
1295153
1399787
1194244
1220266
1313059
2101394
1397050
1638328
2774380
3038842
3494752
2836007
3081665
36673639
3369638
3601699
1955440
4061678
3324868
3357916
3598327
4129775
4151207
31731284
1571750
2093279
2846927
1000043
46976986
1030532
1135186
4314709
1089289
1236182
1323905
1369673
1437299
1514951
1131361
1152694
1183612
1226422
1782836
1311766
1328005
1851542
2032937
2220845
2261903
1606087
2302232
2331377
1721323
2373962
1778059
2522126
2523953
1907404
2100256
36292880
2157460
4880225
2571503
2224621
3128435
2998997
2785574
2328934
3255929
2363647
2437876
3340334
2603491
27796340
1852601
3809045
3033358
3452480
1438616
3267140
1044313
1053925
13148093
32986550
1081321
1083823
1088704
1255706
1709264
1168399
1177906
2171504
2191832
2198294
1227568
1229506
1246084
1256290
1272139
3082154
1317922
3475535
3532301
1352497
1376536
4132451
1387573
1404175
1408420
1417090
1424641
1425016
1459633
27326519
1570846
1584706
1265651
1586707
1614229
1631773
1410479
1421045
1641853
1665610
1669390
1672033
1690687
1675472
1733905
1783639
1757543
1960190
1797343
1823170
1826608
2015258
1846447
1879819
1890283
2085863
2088425
2113184
1980091
2032336
2035168
2295830
2332985
2358110
2376566
2135137
2432789
2173078
2589392
2665355
2178310
2179366
2194237
2771684
2199388
2782067
2231026
3029585
2255266
3099722
3135023
3150557
2295961
3198038
2305522
2317261
3374552
3377108
3536273
2440030
2668531
2802337
3943880
1684046
3566183
3352693
1144415
1237367
1267346
2734603
1426958
1526192
2179555
1876706
3873722
3085562
2040800
1365013
2211481
1334626
2899015
1685473
1350826
2383966
2628493
3522689
1046749
2642861
1060354
1070467
1071295
1151920
1213561
1392175
1513792
1550191
1570021
1302974
1576597
1333193
1765783
1767784
2029423
1413929
2059960
1451657
2074702
2186590
2226046
1661204
2245000
1687526
1706180
2461447
2521573
2540758
3446552
2659354
2666968
2202470
2721595
2133920
1016878
1031566
2678297
1171765
2700284
1912058
2017085
3607166
1212988
3177374
2525510
3518909
1252099
1280131
1283224
2831873
1966550
2406218
1368127
1407676
1437346
1451308
2208764
1459918
1463971
1478791
2665310
1496440
1726724
1507897
1960517
2183591
1594783
1643656
1660828
1704544
1735942
1766029
1778227
2704463
1839322
2884631
1996300
3165638
3228704
2084554
2099107
3593270
2223181
2235973
2310253
1416164
2342368
1571705
2176478
1797644
2333677
2768608
12443156
3360415
1799183
1098665
1233416
1365749
1402241
25841377
26772361
1702478
1800308
1515634
2174705
2193044
2495437
3644581
2444132
2472836
4220614
2534759
1528582
1538764
2619779
3747169
34666873
2078695
2346370
2817053
3315403
2995247
9525220
40889392
3133676
43439206
3569159
3819491
2087887
4131785
2294449
1056956
2306963
3332324
1104118
1242190
1371556
1393078
1417315
1440892
1445287
1462465
2329973
2004622
2147665
2270023
2314729
3094889
2363590
3334598
2921068
2931442
3669290
3850349
3862808
3840169
5954546
30919451
26660653
38031578
1347691
43933910
2121622
2398393
45445520
2558395
47390165
47872328
48043400
4607704
4707466
1083554
1102909
1088594
2950153
1360943
3415747
1558418
1582916
1850171
32822575
1922294
2272958
2368382
47209333
2385218
52763812
2416742
2528708
1113253
2612720
2663303
3250517
48480754
2513524
3451871
3561929
3689765
4854202
2215981
26648626
2189798
2320988
1095869
2617429
3561163
3465098
4455694
2998060
40428836
45667463
1437721
35066495
41815607
3052195
3502120
2056756
2546666
1054433
1362416
2728537
4050361
1431476
1452575
1794773
2932147
2116778
2210003
1518874
1732897
2507465
1325173
2567216
2597900
2080312
2715719
1919893
2824739
1200415
3111446
1311079
3166259
3203072
1374553
3507206
3812345
1518529
1548181
1557667
1625107
4375943
4612370
2132995
4673585
2316511
4804982
1029517
1097572
27570446
1332361
1457851
1527787
2169370
2274877
37521035
2640409
2812177
2920534
1075967
3188968
1344575
1415504
3437905
4104442
1443629
15037054
41430727
2220446
1041640
1095094
2678678
1131598
2985221
3508412
3951434
1301827
4233926
1362646
1392562
1433587
4323299
4409297
1444522
4719263
1551319
1702411
1962061
2814085
2107246
1717813
31920317
2001658
43665971
1158038
1693082
1722994
38692361
1028825
4654984
1081706
1165094
1210370
1435088
1449539
36752476
1528277
2746030
37022488
39622693
3863038
3516349
4031233
2029637
2167580
1902034
2297405
2444171
2496119
1075141
2727341
1711120
2085733
3493928
2318494
3502580
2781118
3510386
3523964
4240171
4013426
1062052
3968665
4130750
27834593
30220436
39321833
1082207
1398661
1410755
1507283
1604114
1811294
2025935
2146469
2211821
3889612
4025194
3408569
33119230
2608343
2627018
1222705
1257361
1281176
1318390
3031250
1423252
1362419
39071168
1691635
2182463
1738057
1756840
43353776
1832533
41405624
1965301
1570628
1994344
1188296
2889464
3758057
1229339
2367640
4139156
1015958
1067390
1078694
1117139
2764333
2819806
2894041
2905084
1303445
1575056
3061546
1628846
1748657
1859780
3383014
2396183
2402138
2611034
2621486
3643234
4064830
4690255
35971348
4259339
1277597
1385606
42227725
1574417
1590587
1677269
1887833
26031673
2168264
2522345
2602976
2831321
3292754
1898257
38948732
2146681
1014779
4240516
2668901
3101225
3448871
3599690
2383552
1912516
3975353
32339111
18122611
2120719
2220676
42128285
2341321
1034069
1039814
1354645
3831559
1197938
3796810
1218227
1334926
1263092
2034418
1296038
3671533
1465571
1594900
1542932
2865079
1584773
3186628
1009069
1292629
1658006
1805801
1410541
1966121
1970141
1988924
1694773
2004842
2012399
2052305
2084633
2158430
2184023
2024992
2199236
2131711
2306555
2310974
2297524
2656456
2697838
2571320
2616650
2699297
3641023
2920979
4021867
3209231
3209261
3360947
3706733
3851072
3854837
3939302
4075064
1673092
4396853
4416170
3615763
4453088
2601691
3865705
3877504
6889133
12800366
2273770
38545991
39312941
3038722
41511815
1427108
1474244
1489841
1576415
1631492
1092049
2283427
1985000
2136167
2165216
2304098
2424581
2474699
2654831
1022197
2768186
2790167
2912933
1285360
1766560
2186323
2227465
2899900
3695588
2946832
3815996
3239221
3971893
1774768
1783573
1808074
3042286
3837325
4312571
4509968
4533992
4534109
43431214
1000951
1760797
4709471
2621737
3209761
1000927
1004692
4964918
11388002
1215991
1233445
1269412
1318456
33977789
1389682
1405600
1418566
1433083
1540715
1556317
2595470
1584259
1606981
1610815
1053437
1731367
1865413
1267052
1912333
1921246
1952917
1526474
1794008
1839038
1912454
1986335
2019008
2285803
2305495
2185052
2356672
2271758
2325875
2481304
2522623
2531392
2538343
2590643
2603749
2620186
2651947
2733400
2747077
2664359
2875930
2892826
2959648
3006193
2899955
3047440
3127141
3003278
3274864
3216167
3410663
3406318
3431024
3490340
3470278
3586697
3882179
1011887
1104812
1281047
1325627
18119959
3892540
1440920
1501931
1519385
3712051
1627760
1660157
1940168
2130272
3822592
4010770
2510501
2533436
2924147
3015857
41603942
2671414
4124561
1100215
2498999
1386289
2321782
1099096
1205506
47191943
2006435
3419201
40051388
1945462
2017891
2458450
2552062
2708122
2595155
2637095
2645759
3804871
3761717
3795689
4272002
4298054
4366181
12126413
35372177
2202295
1057501
1046471
2093512
1118066
1134659
1157129
1200236
1230695
4571053
1020253
1168105
1327871
1374976
1414312
1388213
1822582
1409048
2750998
3154339
1462729
1464613
1749770
1505683
1765367
1773641
1879204
1902619
1990319
2100431
2128019
2301604
2169647
2175017
2329474
2219870
2225738
2389765
2261375
2292590
2595007
2318840
2367251
2393240
2910772
2583491
3350263
3413890
3464185
3489595
2779898
3531316
3539158
2908511
2978708
3669526
3671755
3699628
3808516
4307879
1404446
1526915
4114504
2153114
4794286
2376311
6036595
2509382
1046141
1327673
18073804
2139854
2265650
24196990
30863572
3222068
3311303
35270152
28154591
1157294
35991241
1568897
37613707
38586367
3736898
38551541
42586466
41914963
1024442
1153217
1408196
1539011
2263286
2284736
2352152
2472506
46236997
1469750
47217589
1657406
1769372
49010023
49432030
2470691
51690433
53038078
3209672
2922572
1033750
3513842
1068817
2556275
1104604
3420941
3399818
1246741
2771189
1276672
1280008
2955326
1349965
1353724
1402510
3415402
2209285
1394495
1694197
1864084
1773319
1668677
1770638
1912382
1995734
2042948
1799713
2203238
2204063
2366324
2496986
2604244
2608391
2600671
3965296
2627687
2703767
3287413
2850821
3055708
3166937
3243815
31504540
4432477
3257114
1474462
1492429
3536951
1617709
1669069
1683236
2273444
1871638
2624612
2015923
2049532
2052970
2100115
2107486
2160193
4102439
1084037
1272152
1739231
1837883
2368027
2566582
3404804
2672935
9285941
2736667
2739703
2770807
2809426
3033880
4233779
3112906
3234916
3261259
3265660
3305368
1721675
2145908
3410095
2262974
2265212
3434419
2572883
2678762
2747129
3544276
2838509
2947967
3765817
4015633
2379554
4342045
4414798
4161836
4554241
4557466
11412592
1284323
1792034
2244626
1464973
3362906
1953547
2561339
2227822
1209049
1501759
1279769
1537880
1765084
2175574
2543203
2793604
2892014
3398374
3502426
3537454
2970599
3853912
3512681
3731222
4916006
14834975
31074155
25447288
1178198
32754946
1440788
34337005
39406051
2194498
3764200
1256432
2522780
3245423
9997844
1091368
1298774
1389404
2452123
2457361
2176829
4885801
2301737
2761457
2780999
2917535
2982089
3700454
1074061
4390856
1178710
1463497
1724050
25413560
46659809
1175879
1184186
2948290
1424456
4627783
1646198
1008709
1928345
2073770
1253122
1285342
2390873
1370281
1824841
1902835
2010892
2157439
2192611
3582551
2204449
4529669
4606805
2573839
2836954
1050173
1167584
2956969
3079960
1220195
3513052
1408166
1469066
3564217
3938962
3987778
1965611
4131037
2098616
2116337
2149421
2165900
5241535
5331676
2599199
29019013
2875145
2919854
36577831
3019097
3138371
1121416
3193673
3268118
1196590
1198114
3387575
1297471
1308427
1381087
1489063
1101317
1233794
1564027
2136974
2179718
2310005
1726840
1794523
1858276
1891171
3996704
1941094
2027578
1052996
2145025
1393121
2233672
1689497
2233972
2248939
1211396
1214363
1417034
2439628
1949099
2609356
2229143
2721727
2732476
2758399
2849779
2978165
3167864
3070477
3334841
3209326
3319777
34387664
3073376
3450865
3816385
1608893
1617323
4000177
1700486
2475146
3110810
4133794
6166738
1150894
1340756
1437305
1445300
1242424
1558667
1255279
1365142
2302067
2814056
1490446
3135125
1607755
1625686
1707154
1708648
3172397
3435995
1825573
3508598
1848424
1926655
3806510
4017161
4144157
4210988
2077855
31818877
3892855
32288918
2365774
35039678
2012908
2617633
3300142
43181324
2356612
2174977
1103042
2221087
2319775
1449008
2631967
2733661
1100632
1745255
1256266
1580785
1640014
1825312
2043781
2157649
2269150
2839115
1083631
1243741
1306924
3616760
2644048
2158796
3709091
1928954
2483339
1938662
3548422
2036579
4127203
2047346
2311607
3104081
19469899
25559374
3126524
32233837
3834083
4309730
39677209
1060183
1097065
4712042
1118824
1160053
1338341
1629890
1243060
1550461
1972562
1558849
1748338
1792027
1244516
1912681
1309277
2185165
2189530
1340375
2217520
2501014
1402439
1457594
1467917
1488566
2626075
2641153
1798199
2904016
1811249
2975488
3178315
2030708
3304768
2073485
2098127
2147738
2221469
2303849
3927733
2437961
2633495
4310260
2700752
1048258
1209217
3039314
1309993
3190742
1326577
3273230
1467544
1478101
29110355
1584460
4561226
4739534
1743865
1753810
4228733
3949589
3973196
1802602
4265255
3883046
1959784
2078812
2224375
2255686
3599198
2313742
2518852
2719792
2762059
1176242
2763409
1182335
2774308
1406831
3066367
1427501
1741109
3286810
1922813
1247821
1939286
1954580
1988489
2151661
2168627
2308664
1008784
3127559
1137295
1218301
1578550
1915648
2007844
2201116
2244358
4308785
2356429
2610625
2764222
41477912
2534261
1792979
1010845
2996267
1024681
3357611
3461735
3591281
3628802
1118014
4315946
4342112
1155247
1188967
1996262
1225258
2218679
1284064
2806493
1352929
1355785
1366840
3487010
3837212
1484899
1126276
1166986
1262269
1442638
1626922
1654465
1366145
1932592
2031622
2314216
2844754
3215659
3219139
3720304
2783375
4150045
2868644
3161030
28016143
3558941
3572426
1099918
3772145
3942032
1953391
4275557
1560373
1880152
1967419
1997734
2015104
2104672
2436394
4742519
1310060
3685303
4816345
11623241
39425021
1548893
6701992
4101605
24608915
3560533
1287616
1408534
1186994
1291841
1174912
1537387
1748594
1651060
1130227
1152112
1364605
1576639
1772044
2095129
1356052
4316939
18336478
1102261
1294117
48816266
1169147
3684046
3755239
4150687
1121717
1224490
1555202
1173805
3161863
3262258
1061137
2084029
1018573
1267742
3122389
1051646
2158640
2664913
4065691
17494756
1471462
22118876
2082604
2465797
2563498
3043813
4234039
1120898
1271242
2351497
2445649
4521703
1427491
2183305
2243278
50050423
1080796
1328305
1357615
1637713
1935646
2217670
2546089
2793559
2933512
2944117
3143728
4454785
39006883
1434043
4059734
2222464
2467150
2599141
2521184
1069382
31466695
25680791
1868255
3715304
2656354
3633533
2692391
1045876
2741473
4372256
2298869
45519575
34593869
1033556
1398394
1255376
3057364
2073962
1760014
2110472
1357663
2853608
1162897
1221535
1342306
1409965
1069874
1838113
2087836
3507155
3535757
4900223
15667307
2792848
2835535
1009892
3143125
3344929
3546148
3599881
1128788
3809929
3836974
4307368
4380211
4527190
5412052
2194952
2210801
2243018
8447515
3004858
3424996
4490068
1244930
1607375
1870964
2380619
4237085
46131161
1106881
2789510
2214169
4897975
52515173
1183882
2041700
1536026
1251460
1315939
1385887
2211056
3306254
1643773
2162455
39135131
39180599
49606904
1063081
1121728
1052645
1067840
1069307
1518952
1886122
1277552
3589675
1455965
3189547
1657820
1766144
1373113
1766501
1815107
1656934
1918622
2070302
4275532
1067296
2463512
1418185
2773067
1456219
17565709
1153901
2201944
2287870
1230995
1290584
1346870
2879425
1349537
3795253
1424597
1485305
1485986
1520501
1540754
1670225
1752809
1045834
1808474
1073587
1079026
1862114
1491232
2731597
27420373
27775234
2107043
44250649
2120993
2013145
2128346
1071607
1170982
1223821
1251805
1191980
1229825
1531366
1583803
1338560
2339101
1428938
1641050
1781660
1773271
1784954
2160989
2182079
2245796
2461385
2793014
1274662
2429317
3205145
3210020
3620252
3676148
1033354
4489337
21767870
1948120
16014379
2754736
12046138
2285332
16418113
2916929
1370083
1958486
2769305
2962898
1772008
1856632
3468581
3474266
3824096
3964673
4037399
1264450
2462734
13101995
4456498
1642037
3621482
3648089
4531981
3174557
4806968
14179037
1258102
3125207
1532377
1780192
3376856
1886101
3832130
4712774
25552043
2235997
2236270
1247990
2331490
1416278
2332990
2336344
2648810
2661101
3576917
3503572
3984545
4066175
4635497
41130064
16430735
18827171
5897272
1070920
1091026
1173787
36115847
36259373
38717876
1338637
1757767
2106937
47064851
1222321
27595964
2164952
1971604
3112748
1298903
1469336
2407205
2777245
3966575
2090207
8686777
3106106
2827255
3449107
4144661
4209122
4340210
2384995
2424229
29793557
39668114
13528411
2431519
2360986
2534815
3495052
40358420
3415921
1052231
1977115
1160119
12883406
1407703
2122816
1042046
1177511
1267220
1327382
1906834
1653173
1761614
2887945
3021322
1000270
2455313
1325932
3145835
3608933
3707681
4220608
30370586
43893719
1161322
29953112
1229794
1546201
1584883
2222965
2346460
1366865
1740896
2812501
1926737
2838100
2466695
4010575
34550461
3282535
4402954
49523030
1559789
1828442
2198275
1638712
2190670
1971487
1216423
19346726
1408015
1114934
1179817
1240327
1644601
2002279
1630496
1672976
1962098
3615547
1996403
2123318
2221121
2330375
2469491
2507804
3001415
2257954
3096212
2301118
4220438
1035383
3993544
4531888
3818861
33715894
34993012
35902120
2366264
4290536
44414365
2381089
1743320
1767257
2394478
2809765
49907443
49153243
2488807
2472305
3918704
4094242
4504817
1865275
1317868
4024151
4697633
1283645
1133992
2674663
4245367
1258025
1441298
1039120
1087642
1641602
1671392
1215262
1783400
2080670
2650595
1651357
1654195
1731832
30194711
1989613
2189206
4800953
2095403
2662792
3225124
4199696
15532810
1060465
36069062
1046279
1994035
3270431
2706443
2838511
2809076
3467755
15544852
2991718
1721012
2192299
3503660
3560078
1058117
1269443
4491547
1470044
1595453
20892673
26810029
1756787
1930652
32606236
41352640
47127565
3599642
2344612
28435763
3400213
3451828
45068633
3756055
16330012
17369476
1406732
1454432
1893827
3420383
30497060
1143722
4331932
1739252
4358239
2466502
2735018
39503473
3370733
48691600
44424602
2830226
1191556
3048011
1193197
3555440
4657811
5871839
1615804
1729129
3233317
3580117
3725773
3955672
28868614
39740797
2130791
1517968
2657615
2657963
3077456
1058260
1208392
1191734
1238183
1517318
1328215
1343149
1409425
1785146
1913756
1471753
2200205
2123692
2861087
2251240
2269882
3146327
2545324
3359198
3457769
2986264
3693839
3153091
2131991
1165988
8469986
31310005
33001297
38054752
38233294
40177886
15229274
2318830
2806054
4160032
4220518
3461030
36537236
2196344
31295257
1357985
1986065
2471687
1313014
1440329
2192692
3468512
2136437
35212358
2426705
1082144
1335637
4699706
2402671
1223357
2173805
37427662
3443663
3796514
1153021
9956303
2864741
1559428
2015467
2041327
2074816
2159410
2303806
3158018
3840254
2638411
2645968
27533069
37233173
37472210
3364186
3655213
3725098
41662436
4274695
4292707
4706716
12983785
28896341
45481490
15589030
1799378
1907489
2314832
2641067
3127622
9504869
1673164
36879878
2440912
41622056
2678044
1155248
3455023
3832393
4092667
3081359
4026707
4386805
3507902
3417557
2462272
2486131
49877276
3423298
47694971
3273239
19509362
1033600
43432583
1077601
4353056
2795078
1113571
3255773
1128685
2697746
42275867
1106696
1396949
1356679
1399451
1416584
1862879
2333501
2436440
3751445
1456366
1507390
4272173
1756633
1043024
2060024
2721680
3015416
3373991
2388629
1920673
2006098
35961815
2053945
2071465
28557191
4129387
4173923
21225217
1989452
2716447
1822772
1840358
2325854
1299815
48763919
3470084
3902759
1813967
1161503
4455017
39834563
3063544
4618633
1052879
2469964
1241117
2316757
2776004
3070112
3372269
2271547
2282431
2343325
2351416
2417983
2458630
1564232
1816595
2583487
2601367
2201456
2629267
2632657
3510053
2634796
4431188
7131860
2705767
2188796
2722033
2788834
3145112
2811970
7340678
37383158
39128897
43613423
2919262
2921134
3115501
3117241
3117832
3395632
3408013
2518893
3633940
3701476
2947716
3816553
3672102
3979270
4122754
4283247
4231759
4308844
4476769
4668496
8140666
39313596
1420770
1424436
1916928
2011230
1067275
1099528
1121427
1341133
1193853
1373011
1374592
1340472
1533187
1549981
1592931
1550074
1576540
1642342
1811437
1952997
2009281
2083515
2089054
2204026
2328618
2329692
2517859
2613486
2729523
2890974
2697499
2926104
3009207
3091446
2859484
3277071
2925160
3090523
3504393
3513696
3608475
3634698
3904188
3930747
3946842
3745702
4331427
4593543
4607892
5118963
4282969
7026447
17557452
23102952
4556425
26869398
27048207
27362031
29344659
33736920
36328095
39279687
24358015
35773348
41893833
43358664
12726610
5626678
33179434
14528863
1120935
1186071
1244112
15811681
16896436
3550900
1060867
4234752
1139155
1155316
1346338
1404379
2639739
1518736
1544680
1707075
1580596
1777195
1941990
2038293
2044075
2512704
2765091
3024720
2620030
4426368
2997967
10864734
12940065
23563752
27324639
29328927
29610087
34039113
35374320
36129948
36266181
38846679
40565700
40942527
3879322
3879775
3886756
4003222
44134509
4191367
4466218
16375420
1121847
1130139
1175538
1199406
19611757
30951223
1329855
1361493
1392771
1503747
36321007
1647411
1703475
1883397
2016003
2163720
2358222
2391861
2401368
42397657
1646392
4058356
2588431
14057116
2659293
2556730
2774403
3411307
2917977
1165186
3026881
3193905
2325358
3296220
3481536
4300981
4581904
4167207
1544836
4308570
1231957
4562922
4792146
1336369
9318630
2056378
2193973
2452261
2579944
36583254
38437113
3096274
4013443
1207263
3989533
1950666
2190402
1862377
2219469
2213854
2301297
2303136
2359098
3046429
2378841
3183982
1000405
2749203
2829579
1167238
2847081
1170442
2910390
3196605
3374085
1517764
1848067
1903999
3851361
2721877
3691906
1157073
3014826
3714562
3898453
1068351
11513320
10970469
1554981
1436361
1330129
1490766
2029675
2222805
2399863
2772760
1049389
1918948
1562052
1011676
2196468
2326875
2604717
2657577
2751456
1128076
2899077
1134253
1104027
1133562
1213606
1307859
1321656
1248427
1344057
1256440
1405380
1280779
1444302
1500351
1309279
1521318
1317409
1568475
1650669
1655985
1355467
1764603
1862973
1896693
2005524
2056743
1519300
1529383
2072754
1590847
2157363
2237016
2542245
1833319
1835260
1837795
1880887
2666640
2666694
1944778
1971199
2748129
2768085
2007694
2019394
2878389
2890674
3101619
3172425
2131954
3184554
3189999
3222981
3363951
3411207
3429702
3431181
3647526
3690477
2564371
2833429
4221936
3090478
4261401
3119590
3495604
3505897
4359375
3549007
4398732
4432671
3775522
3939229
4254604
4610058
1018933
1062688
7936926
1087624
9350784
1272271
1303531
1309261
1187136
1370653
1209945
1386412
1382472
1452331
1810116
1889733
1560076
2107581
1659295
2191320
1716310
1729609
1772338
1780228
1808269
1814989
2463231
1815148
2469018
2481324
1904293
2585664
1941499
2753661
2754588
1962934
2779716
2782209
1977934
1986178
1986694
2951718
2006095
2030518
2045551
2079568
3271074
2252749
3493059
3596829
3631887
2385451
2393887
4326867
4336194
2402374
2408461
2438956
9332781
2516236
2519746
2602570
2732743
2866903
1221141
2919169
2929960
1230558
1282641
1331838
3160186
1337832
3185032
1406517
3302947
1428630
1430589
1555455
3476410
3485491
1656465
3504943
3511546
3561283
3602122
1877673
2004120
3957313
4292656
2201856
2245452
4684018
13631587
22782280
2527635
29081272
2585535
2636499
1252360
1451893
2884218
2675875
2890417
4037152
1804084
2856898
3718545
3718908
3804036
3810363
3886968
4233579
2109013
2219032
4495059
8596314
22473210
1136704
1386621
2064733
2261041
3216043
12393084
8237203
45719464
1083441
2482698
4083999
1415277
3201069
3356280
8414853
39048936
47469651
2205768
27524749
1502253
3326071
2342505
3342714
11769465
1200258
1237182
1239549
1244178
1365894
1464327
2332567
1683991
3147907
2035719
2120622
4254142
3859522
2170404
2463861
3622042
1057768
3426478
3798063
4665289
4235082
4681521
8899857
16247679
25565886
1016998
1023016
35780901
1028617
1037359
37250457
1052764
1087822
38615919
1107484
44043543
1212937
48639255
1369177
51824277
1399915
1401979
1017708
1493533
1299363
1361811
1550611
1604161
1552188
1646073
1757695
1654887
1873936
1666122
1926304
1936450
1965214
1978510
1988917
1854861
2026548
2140147
2176723
2178115
2290020
2384838
2394789
2256472
2274820
2570805
2621877
2356651
2713158
2946042
2735218
2751724
3361176
3374235
3045643
3420141
3259399
3432174
3297046
3377380
3382864
3609678
3481177
3867891
3578233
3598993
3862468
4273284
4003717
4518345
4788816
6392568
10925136
4483612
26023080
25801339
27711225
30494721
21362836
4787524
6449782
34126599
36482406
29753311
13890646
4815094
4858468
40482924
4267348
1017529
1111423
1141366
46152132
1187383
46584681
1216204
46775103
1284175
1383565
48147951
1410112
48628890
48747519
1475611
49575039
1584043
1630264
1638664
1678774
1754773
1159320
1170261
1852087
1194039
1893175
1241463
1243644
1933666
1284447
1370640
2160289
1407624
2185606
2201797
2292652
1540284
2543272
1695855
1742073
1799889
2568610
1854267
1906758
1939728
2689078
2135541
2754733
2912563
2181057
2191569
2291544
3133426
2669652
3294145
3054714
3484573
3138705
3544210
3144015
3432741
3694174
3806422
4034632
4114954
4134310
4332534
4153654
4210834
4661349
6078045
12842781
8587471
15243027
18438499
23382505
24071740
24437938
27367800
26892592
37568904
40789167
1080400
1827997
42153840
2201056
2555086
43653081
45388779
45473988
46419900
47328429
4579569
23862112
1043254
1187191
1486252
2121171
1039402
1363140
3589527
2606653
3171739
3172354
2207343
1139952
4372129
1255878
1347090
1905073
2935858
1506894
3292414
4428214
8493196
1616622
1628206
1909428
2881795
4101355
1009891
1107466
2441613
1338505
1391470
1422829
3408549
3958707
1605577
1946977
10884795
1981933
2113432
2134417
2154838
2243767
1283394
2285206
1326330
1430016
2375152
2383171
1570992
2526070
2527582
2573296
2582653
1971297
2595859
2654212
2657566
2171607
2663155
2208219
2256450
2736619
2760538
2340060
2763418
2835922
2611701
2955976
2976901
3102154
3175531
2914158
3253246
3028785
3276195
3349518
3441705
3521866
3585835
3534660
3677814
3704652
3727533
3743566
3780754
4079863
4229311
4045848
4299721
4086774
4400680
4545166
4593379
4682581
4731511
4368786
4853458
4423113
5842107
1087276
1092043
1197511
1253269
1353676
1526935
1552429
1602658
1944124
2328798
2028442
2346375
2158957
4066422
2216755
2337463
1103832
1165410
2446615
1537806
1570401
2551618
2297709
2558896
2476524
2752014
3310293
2818978
2845633
1148235
3044425
3141403
1313874
3209530
3228775
3274756
3440065
1476414
1502283
3555010
1550922
3709228
3832606
1858542
3970375
1970097
2027451
2200065
2384778
4163155
2433972
4247065
2557383
2598846
4468078
4792582
8102968
9879754
15737926
15980647
3164049
3685020
32776084
32977972
1200417
1280997
1816380
2671650
1602937
1880371
2055727
13837995
2938126
1162404
1249998
1347489
1365048
1394784
1540263
1564794
1728069
1899408
2078091
2103354
2116368
2173995
2175678
2443164
53809930
2637567
1309654
1323199
1414447
2763108
2787015
3095673
3240903
2815414
3262668
3834414
3500875
4261210
18704304
34838502
1095403
1106059
1294269
1135585
1805304
1135990
1308892
1442827
3341337
1485565
4540398
1502437
26436711
1589296
31254231
1672957
1704952
1800361
45469380
1947436
49901892
51264354
2117032
1105074
2182600
1896396
1924947
2468631
2728572
2284453
2389783
4304964
2447203
2523430
2635978
11147871
2709346
25118967
2810485
35367282
3032530
3244939
3517777
3999340
4410040
1526685
6135256
6572050
3831648
12936811
1010881
1271322
1328601
1172095
1435353
1233142
1452552
1867326
2088639
1695136
2119311
1809007
1504834
2279502
2160298
1543735
1914286
2531553
3475872
3541857
4081320
27934234
4468098
16139280
29010879
3512656
4240744
3649174
4163188
3310923
4390248
4520265
1498291
1211694
1836595
1654407
1817217
2387061
2946204
3619893
2142217
2199130
2313082
4348848
2379253
1419282
2573947
2103342
3793324
4338319
4736626
4821166
4830592
3311880
3513864
22055980
3617763
4148073
41087329
9659634
44710294
1226622
1019161
1066036
1309533
1400619
1464954
1310602
1550850
1720140
1721955
1395751
1784730
1816662
1422835
1943961
2008068
2017953
2033466
2040336
1460146
2124765
2180103
1488124
2200266
1499866
1540672
1553449
2375124
1606090
1804510
1825228
2598372
2624103
2644734
2665083
2687094
1839859
1915354
2856588
1976230
1997164
2099338
3062919
2140657
2154844
3131808
3249951
2201374
3271995
3275817
2224642
3318711
2245948
2271343
2279875
2323063
3725301
3772818
2399449
3838677
3900282
4125801
2512819
2557063
4258839
2568844
4273719
2687899
2716873
2719537
1888827
2812648
2031831
2145027
2938312
1126857
1229181
1233177
1253607
3113140
1555608
1677885
1712064
2165079
2300706
2520609
1040677
1049965
2844003
1071205
1086367
1141831
3655911
1171795
3711879
3837183
1180096
3953778
3959403
1001277
1119456
1273471
1322050
1222992
1223295
1363108
1249485
1405441
1329051
1518334
2634522
3982887
4309941
1830760
3472212
1683909
1859155
2379426
1935433
2165883
2236590
1372932
1386267
2082715
1613946
2093152
2033244
2038050
2252092
2108082
2194734
2279674
2237364
2304297
2386492
2414763
2426163
2438617
2506014
2552875
2634448
2617605
2637808
2642140
2645011
2655868
2648862
2657626
2691429
2705514
2682688
2708199
2705299
2803494
2842863
2750584
2817586
2837092
2839327
3301992
2848114
2852116
2885929
2310730
3094812
3290620
3343368
8787673
1000218
1042419
38514013
1056444
1327474
1109103
1619008
1772806
1172061
1187838
1782478
1870591
2209456
2244850
1548447
1615482
1673472
1756434
2798677
2955514
2312457
2676615
4357780
3001875
3062544
4580554
1068745
1076092
1129279
1199371
1211773
1193661
1249747
1506778
1244535
1693207
1857700
1322856
2156743
2160004
2391385
2425069
1453899
2435731
1453974
1473186
1513359
2751088
1531044
1569615
3110413
1584492
1818654
4220632
2147238
2181063
2197806
1121053
2428299
1251178
2592708
2346610
2734848
2903607
3281949
3307788
1558654
1315186
1379308
4290453
2398684
1525210
1453617
4745134
2893818
3916543
1184412
1191810
1220931
3473992
1708419
4220458
3349425
3927180
30072390
3595933
2578513
42890001
50043690
1265097
1299138
1397409
1678962
1961886
2031798
2218329
2247531
46123045
2279055
2291400
4500052
2534076
2635389
2901207
3337716
1447648
3517707
4205952
4413480
4578852
25186545
33531573
34862391
1026516
1067484
1143537
1675846
2383447
2473033
2680783
2830534
1395105
1413003
1424076
1515900
1551645
1604049
35535814
1760853
1815867
1861533
2637610
2776624
2063955
2098734
2169303
2199798
3620401
2463192
4217422
2702934
4550845
2772099
2867925
2999766
3216774
4651603
3305283
3446748
3730473
3827172
3971919
4001949
4040025
4289991
1159240
1222657
1309594
1340899
4836822
6616383
11191941
1544806
25812027
1740571
2092252
2259847
1105218
2322985
2621890
2795752
1235640
1396527
1573647
2487048
3421006
3465655
3291639
3762969
4224639
1773309
3781303
3847084
1935231
2019003
2251080
2268696
2920407
4409128
3987423
4667905
4482915
33575178
27828118
28171747
1037209
1128205
1419502
1424092
1434622
1464352
50976768
1494844
1507786
1613125
1806325
1882795
1926064
1217478
2044291
1223796
2051950
2057152
2229205
2402197
2404315
2468098
2494777
2536591
2607562
1707216
2647789
2657512
1890255
1910637
2669968
2010738
2055372
2106255
2174541
2192331
2866237
2201331
2227422
2356188
3078322
2534280
3154999
3278278
3306046
2708184
2879340
3466321
2942418
3137016
3596665
3381276
3406743
3701836
3627018
3864021
3891786
4005216
4006359
4285810
4319425
4204743
4230354
4736878
5700259
12666078
11603965
17656281
12001747
12883000
1002039
1173204
1236030
1463190
16959604
17636977
2116533
2458059
2565015
27779746
4144818
4334991
4245829
4658641
1020484
1520208
1081819
2058177
1106014
2154108
1143211
1168414
2219835
1224244
2548986
3147636
1290892
3513444
1329772
1342456
4577073
1356448
1387336
1488250
1569529
1658851
1834579
42578259
42598659
44888358
2215261
2382130
1437594
2418715
2448964
2465227
2608516
2766976
2679066
2804061
3215667
3135964
3167020
3228460
3876282
3689782
3756022
4337826
4005739
4220545
4266424
4452021
15459801
1435249
32768523
2012038
2253133
1054761
2730922
2777353
1207752
3741403
3906892
1250898
4671223
37293382
39686572
40962940
1493841
1528269
1605918
1619532
1413931
1299550
1832091
11962981
14405926
2033937
2041527
1233379
1262209
1301872
2216670
1351609
2245614
2295405
1523998
1562461
2427435
1563724
1580833
2521134
2603271
1722586
2658645
2671185
2761728
2033080
2958582
3051525
2150425
2174110
3133068
2247235
3187875
3373653
3426138
3443778
3520923
2830294
3223498
3972036
1083150
1120860
3461578
3604297
1224495
3784765
3806572
3817267
1570947
4240669
1722684
1841877
1895328
2069751
2090457
8460628
2166954
2271858
17796223
2278515
2475060
25542532
27244303
27415777
2578455
2997627
3097110
3103335
33838804
3393600
34654744
35998291
3627705
36188842
46420285
1555170
47266954
1911477
2038749
2994813
3241593
45551994
1135816
1356844
1511278
1599283
2096734
41687736
2677924
2252478
2383284
2813047
2746191
2765295
2808618
3071091
3144423
3354567
3604617
3676234
4144239
3697003
3835888
4342164
9281466
4162837
4182160
4263175
15314856
21939159
4614595
4650523
48375714
27012393
50305953
23986333
37316901
45436420
47443512
42421375
41186019
47252103
28710297
39213652
39598998
43973172
38489271
40058884
37344532
41343481
35630619
4615413
4240146
46577539
1062454
1070764
1081795
2820513
1146637
2837136
27723255
1403755
1425424
1212636
1639015
1678504
1372515
1575312
1607430
1806493
1904344
1997800
2063014
2107104
2374621
2380798
2443591
2313159
2502423
2508448
2570770
2832373
2833504
2875480
3131452
3252703
3870216
3311107
3381694
3493816
3507442
4272147
3835291
4657239
4114057
4207072
4291999
4397071
4461385
4527376
14423311
16612324
19905151
23973376
30150802
31805179
32563831
33887611
1974549
2094348
2140617
39404785
2419413
39758674
39838195
2813616
3101718
3260550
3719472
3913083
1033321
1083457
1111804
1124977
1360381
1426933
1458418
1476940
1720297
1922809
1927897
2057491
1010310
2156323
1477176
2245384
1596192
1683486
2596051
2606608
2627296
2260281
3235644
3408502
2046939
3558199
3831190
2304408
2871717
2938587
3061746
3313305
3796323
4200171
30864948
1291903
2280409
1165734
1445892
2912830
15773892
4568169
2201094
2460346
2723266
4354149
1149781
1396705
3969934
1024918
1087405
1443694
2172894
2828556
3942996
1529151
1328266
1543738
2175625
2941759
3668997
3972114
3455836
4580997
2328703
33517578
2516701
38689500
39258666
2750887
2362327
3874495
4643800
1032604
1171912
1219791
1174450
1212301
1294485
1285321
1376928
1403358
1296676
1416759
1477812
1513194
1583191
1586836
1653841
1877622
2104585
2137729
2161891
2171479
2203392
2389894
2422810
2291139
2303292
2331057
2353407
2521036
2598829
2660869
2717548
2852371
2618679
2875942
2857215
2902744
2978332
2979802
2947764
3037935
3082663
3115699
3120220
3234073
3241546
3609690
3361840
3376453
3683487
3431239
3441433
3489634
3489883
3500554
3559369
3652717
3695452
4003453
3902478
4270456
4271674
4265952
4625359
4357725
4360947
4574649
8530692
1063624
1101040
1138162
1150660
1161448
15177918
1195144
1318471
1320265
1326784
1379497
26485857
1386070
1466659
27407307
1681372
2997753
3048633
1908679
3512496
4021803
8516415
2147155
2167117
2372968
2391742
49673979
1382997
3973837
2934408
2956041
3242370
2924899
3606409
2535730
4226227
2890087
2474899
2475043
2771707
3234847
3327934
4696797
3587485
3596101
4733364
5947260
4093798
1107084
1722291
1110763
1792008
2208135
2737749
1384354
3664995
1392511
4152837
4266480
1509034
1323735
1521793
1544512
1618789
3127782
4204590
1735441
1789570
1807312
1819786
1523091
1910020
2035249
2183151
2178421
3871266
3346821
3831960
2497672
2661025
2711292
2729845
1229052
1453752
3117631
1747848
3242644
2322105
2505333
3679542
4440687
4658271
3524491
3531883
3546124
31776804
3676708
3864388
46943472
4455280
4605907
4676776
4684432
1257423
2097747
2217888
24306163
2607525
1404544
3900687
4453621
2525605
2240032
2812273
4360315
1127517
1988053
1694484
15896992
2920758
3293874
1299145
2239357
2612563
1707126
1057558
1070914
1206145
2853576
1905331
1929460
1574346
1750431
2738086
2617644
2748723
3547609
41916384
3899212
4136413
1862922
1960512
2001513
4558984
2432088
2759772
17512216
19495954
3756861
29642326
34870243
35050111
36324883
4220619
43511860
46262482
51287950
37334613
1130749
1251334
1989015
1330708
2373201
1566835
1602289
3803805
2056558
4275543
2216713
2251456
1121250
1469919
2520793
2521171
2548768
2684194
2690629
2819884
3106252
3271924
3498712
3567292
3591148
3628918
3648871
3909934
4010656
4010974
1073187
4081780
4298521
1785087
4626877
2553048
4877671
5977939
6025177
4039173
6035719
40566966
16903177
31542574
1182882
34727713
1325946
1340136
1387995
1392348
1421187
1484421
38726338
1517880
1530042
39004567
39626881
40124032
1560642
40217701
40343125
40630216
1606545
41542240
1785558
41931880
1974384
46075051
47690086
2265315
49285090
2333958
50732002
1122493
2465274
2541432
2552505
2646936
1305817
1362406
2865174
2886573
1410604
1449424
2986695
1482787
3322965
1755499
3443127
3520704
2011525
3689217
3837435
2196889
2250190
2252203
1178055
1311087
1406463
1445373
2431765
2550946
1605585
1622682
2574199
1778448
2624230
2673103
2769622
2854390
2244351
2367357
3209179
3666349
3706162
4454434
4456549
4741384
4800688
2165154
2259087
7190770
8433223
49798626
16973155
26521156
28358875
29043391
1247553
34727743
1342884
35021428
1393347
35479849
1413921
37470361
1503453
1536783
1761984
1804431
42309178
1974204
48101959
2134365
2178186
1100020
2473959
1336864
1376371
2624355
1480096
2767404
2767467
1633660
3070359
2163508
3270600
2429806
2441653
3753363
2641234
3797451
2780053
3859380
3893316
3995394
3672514
3688399
4315098
3847474
4538985
4140934
7934091
4632382
25802133
4900522
33170865
35767782
39224388
45604845
45829272
1109769
1369998
1538985
1583616
1088428
1162858
2045730
4047514
2172225
2181657
2484280
2218962
2477164
2736952
2325144
2355996
1452646
2390170
2741532
2607807
1392850
2764974
1525405
1759141
1954831
1606071
2000878
2012068
4720914
2379217
1149324
2410699
1089537
2573716
1254801
1270161
1468575
1562637
1971822
2012175
2210535
3231724
3437755
3453718
2415546
2415627
2437818
2493225
3635926
2505879
2538072
2826123
4078834
3565509
4283167
3822303
4115277
4678918
2207293
2380218
3105804
1037469
1081275
1107846
47898775
36985837
1332162
1335435
1359942
4191295
2545165
1433274
1718764
2361559
1516473
1565355
1580622
1804456
2026225
1925418
2560744
2083638
3989671
2188002
2205507
2654272
1422310
2326962
2328588
2352189
1190143
1258432
2473071
1297234
1316473
1340284
2589414
2634429
1480765
2721204
1734019
1938460
1940257
1946191
3344421
1993516
3523698
2946885
1086549
2224288
2237800
1231659
1390335
1405146
1409289
2376007
1423845
2430172
2559574
1668909
1695324
2694901
1794732
1846392
1868700
2809993
1875597
2023611
2064744
2080179
2134026
2149740
2158131
3751948
2204202
2218116
3573472
2334705
2342970
2410800
2478369
2525415
2535777
2666829
2787363
2849595
2432425
2935710
2970039
2994831
1167193
3178542
3334884
3119787
1334452
3215295
3940386
1356697
1419565
1443358
1454218
3514239
3748086
3697845
1696000
1721584
3632889
3131916
3336246
3387792
3409158
3547248
2137750
3596496
3653874
2702740
3261613
1059228
1135041
3572098
1856616
1915047
1977834
2080116
2083680
2198382
2238939
4164226
2310432
2547939
2747166
2972559
17481076
1815973
1070935
1117186
2636206
3745725
3992040
25768606
38753077
1302678
1358250
3316543
3511933
2428236
3901717
2675067
4629469
2919414
13367818
13891846
24542242
29538811
6562122
38561119
38899165
39823612
46234975
1391838
2438685
2694030
3774981
3899949
1886746
13634397
2004850
47098134
48750249
1283808
2327064
3939498
1032822
1254372
1279476
1292287
1317543
1320280
1356156
1427527
1540927
1521231
1554412
1761595
2152035
2165434
2353467
2278270
2497908
2294656
2916441
2917560
2540206
2740156
1292628
3669409
2157561
4054579
2649315
3249318
3301146
5769723
2966617
2712909
2725263
3311646
1210887
1434225
1613253
2002008
2148369
2686752
2692275
2952357
1731001
2082235
3752532
3574615
3769912
27940078
1258191
1291350
1294566
43664941
1367512
1594516
2267188
1576068
1627833
1704669
2585515
1797783
2690758
1967940
2786305
2914138
2094624
2954002
3093799
4003966
2495181
2535549
34818301
