3037648
37813854
2091615
34039521
2365879
3962607
43126704
1659744
1717474
1607113
2267787
29378640
2793455
40002486
3299730
36221913
40175939
42410277
4477328
41877735
1946608
2504692
4685907
36586335
3624593
2127808
3705891
43017037
2290436
2670812
2514085
1235355
1416641
1800737
2547869
2702755
2820341
24089705
24106521
29819963
4725162
41104465
26444886
1933045
31358186
32866116
3580213
3686867
35015250
36539512
12209483
30994571
1175257
38874444
1856409
2644237
40107024
40212198
1784408
37466818
2749343
1085780
1104358
39286617
2849252
3448359
3569833
3174006
3267538
23240593
27438597
3568046
4100038
4483718
4712724
38588423
37824542
3258695
49318418
2286889
1631402
2070188
33865531
2270634
2591417
41770898
3439501
39264111
1089406
39679985
1950807
2264245
2288230
43730114
4696647
37851996
4403849
4351401
2340765
2672281
3206451
10442826
1742385
39841795
1431809
1952527
16252751
4083680
1177032
1655910
2743845
2234156
3487816
3547656
4669551
4220542
26778183
4008173
27134319
30496663
1102089
2163234
3572520
3759046
16741668
38535790
39778263
2611750
3473286
2114477
4262494
1089288
3489831
1550288
6930347
29149233
2038788
37957915
2614858
2674196
3383022
3818285
4258766
6603534
14381628
32446250
35521312
2105953
41034302
41231934
42996834
3981279
4440251
36411775
2553648
39718541
17242266
24551150
4888143
2221292
15673123
2757325
2554308
3875978
2829783
2404677
1776124
32847917
4264845
25325061
37715787
4151491
3240746
3128237
3519122
4706573
14192417
30522755
28124838
36124247
2289326
2773706
4232326
36734731
1467125
4270149
2323458
15391190
1383586
39487895
7819109
33975709
34284139
1162296
1197220
2665611
2044200
2488346
3895309
4320552
41552227
22013868
1909400
2899948
6640016
44041975
1440713
1973893
1614319
1352006
1520640
1879750
4295157
2761838
3085556
3252982
3366864
4182230
41590107
4221674
2011019
27469780
1124682
1169768
1198317
1361134
1437114
1723146
1738600
15608713
1771294
2175204
1962069
1468775
1469303
1964621
29219205
1896091
1896519
2615118
1686957
3618212
4653880
3354714
12168893
1277157
1813334
2072750
2319065
2605086
3913140
4055564
30097771
4834142
2762035
16950922
19957390
4097333
6252475
1292971
36256304
9506084
34285325
1168655
4182845
26202552
37119412
4094878
32986849
1048399
2628546
1834659
1107302
4244182
1565377
3389109
2585404
6898353
7885345
43095423
1431156
1822766
2737645
2584960
11093479
3669594
34072080
1115894
2796421
1160836
30193953
1343590
1348318
1662439
2676115
1482208
4657329
4712011
2228946
1996873
1482911
2291536
17011104
28719256
4805125
7657477
2630554
4344088
2362513
3371362
3138977
3448624
3890288
5120201
3809998
3841644
29735606
4860023
1095515
2073320
1429091
2103523
2399811
3128702
3653962
4156615
4556267
4563144
4644496
17111945
5985852
1481369
11473316
2420267
2516429
4460596
3022491
2406552
3578101
4210655
3571040
1673940
2084326
18626923
1711940
1168285
1360475
1405709
2779600
4146922
1064442
1953669
1785758
2555103
2584465
2777849
2801083
4086918
2954053
6185384
44570128
3965213
4067377
1798756
6692926
4305677
4849612
4411319
2337364
3118594
4793983
1522184
4555761
2838334
2582002
1384154
3262254
4047425
2141241
2908430
1521380
4283723
22093806
43578426
4682508
3384621
4567327
2233935
4058554
3515121
1817632
3103879
2212964
3017621
3231232
21101942
4240683
1470614
3249749
38555282
2608928
1091839
1262401
26811008
1935974
30295762
27233425
4034713
3740702
4004721
2743535
3777249
16907315
33693401
40911477
2843494
1236285
2375981
2161723
2273197
3439890
3565500
3677959
3476537
1110789
1754841
1981731
1744620
4392149
16269602
1022584
1413543
1126191
1527704
3501451
1528150
1744298
1744312
2024681
2214317
2316245
2707629
2216395
3243541
4171133
1188763
1660257
1799939
3390591
2031062
2145144
3435157
13564830
14352886
1793687
15279752
3908187
1909081
2173671
2973165
4114179
2011469
2714891
3872809
3271435
3388461
1812283
1023218
1023610
1252145
1768611
1785109
1949611
1570633
1684689
2194731
2408117
2699987
3384325
2433655
3678185
3883395
1001395
1118241
1864659
4464668
1053524
2085736
2121948
1089363
18083933
3608726
3866566
3931788
4220539
2052365
1319937
1438589
31890774
4106479
1040930
50454611
1626884
1859682
2043076
2315106
4047563
3170672
3407728
3919594
4370470
4737238
6111772
3715027
1152829
1235204
1675294
3868031
3070741
34116169
3159101
2335612
3236945
4335701
51008833
2081562
2209962
2397230
2682858
2951246
3061248
3359944
41086747
3290594
1871123
1060468
1722448
2341126
1085028
1629022
2602444
3092028
2555093
38860455
1462572
1395677
3274980
3335100
3432002
4004759
1464777
4449460
1302695
33367512
2299809
2156239
1414992
1505406
3033911
1794000
1968306
3971689
2175580
2442778
1476069
2477678
2610288
2651544
2769158
3570299
2780758
2907214
33840547
3488458
1397451
3850580
3850758
1575203
4111166
4208590
2515913
4294584
2666425
3663625
4658686
4817826
4824402
4220565
20233262
3873963
25387256
1657837
36722576
1123638
2742751
1608444
1618460
2249652
2453672
2616440
4127783
2728196
2762670
3385418
3495004
22825031
3512364
3573340
3719270
3750774
3796506
3843068
4128008
4587932
1406817
4872214
2295029
2464491
10148024
4226373
13816242
15105758
3781079
32245588
1153834
1896837
1354234
1491790
1537786
2386468
2491772
2062165
3442513
4446341
3706216
1767425
3968966
14996318
15596674
11475042
3462767
37886855
1735817
2830737
4726299
4220470
4448296
4475212
4799674
1508714
2829469
4075717
36669643
42339621
3763382
1479929
2111207
1336631
3807415
1766187
1172210
3281567
4255091
2313379
2155143
3019354
1249673
1263757
4240466
1713665
2339171
3519219
1524026
4331321
1528612
4524539
1770814
1922858
2096812
26519553
2390948
2831356
1229145
2359309
2393709
2439577
3289115
2246806
41782473
3988800
1693043
3377658
4109158
1315847
1451169
2156389
3911209
22591807
32763691
1109665
1607489
1339060
2281477
2571465
6673625
1971212
2019382
2174230
2382440
2575674
2274297
3159726
49748113
2741547
1399770
1409518
1879356
2489111
3487745
2214404
2460150
3000610
1170769
3370036
2461587
25663263
1438693
1786097
1500696
3692613
49305993
1748790
1767878
1614733
1678119
2463845
2184806
3378577
9746587
2477588
2481352
2549518
1464863
1565163
1994341
2185073
3032446
2270925
3377516
28244441
33272245
1227875
1680839
1282150
3273158
3989087
3243972
2608061
1970546
3270417
2155612
3178019
1702779
2604558
1146143
1179105
3972232
1652397
2477630
3943470
1932415
2044429
2270913
1109210
1193500
1249452
2504841
2786415
2837497
1453462
1508256
1628306
1818698
3266311
1974156
1281543
1421345
1460027
2264622
1493179
1703441
2440048
2531236
2833770
2376507
3031410
3117632
2595273
3291922
2754205
2762023
3408514
3437914
3545650
3949486
1076176
1188804
3224145
1292874
1418924
1437602
1547254
1062543
1250247
1412323
2468802
1771825
1948747
1968081
1976725
2025571
2032465
2165787
1559010
2258877
2282523
1617880
2387215
1731362
2431325
2499163
2595431
1898302
1918228
2781485
2830609
2185076
2966185
2387246
2396664
3065247
2591826
2605762
2872894
3042850
3247407
3182922
4105672
4267652
1329960
2386106
29211183
1138364
1433527
2214332
2444784
2950098
1167386
1648587
2111860
3443341
2410306
1881151
3321519
1225700
1226786
7111279
1275550
16340969
1333830
26914993
29896501
1379492
1385154
43587019
1468860
45609791
1625910
1765480
2004346
2610351
2071636
3120611
11986587
2326576
16501059
2344972
2449564
1291483
2565106
2587312
2587374
3614443
42773149
2732372
1098821
3028392
3287283
3392785
3176282
1232487
3466482
3571168
3995402
1860017
3676871
33402839
3969807
29458561
28124459
1247219
1606663
1610983
2007907
1933598
2294759
3308882
3927410
2790313
4677676
3176475
5867766
3509099
33404102
3541109
3751061
3973243
4220560
1239868
1789118
4636559
4356628
21113157
2399752
21393287
30568627
32523415
2575454
34860639
3184526
37625545
1127248
1519836
1643876
38244179
1815202
2218634
3118296
3477036
1334527
2325871
2518699
2688043
2725805
3021115
30031459
32536907
33323589
34005459
38558415
45746725
3022567
3536226
33500834
1849500
2582240
1134315
1240491
4387798
1557695
4486948
1725777
15909006
2246825
28307726
2816687
2884305
4030215
2272358
33622361
3040310
44369369
1616907
3904303
4220563
17880725
4553379
39495299
2525853
2854154
1070423
36836740
1082366
4852843
1412096
43291373
39750223
2221795
2779323
1134992
2997275
1513584
2076997
2199040
2276047
2662845
2892165
2820474
4162130
12417984
12293631
2163886
3051611
1990906
28206726
1755595
3823736
4226538
3252090
3494942
3326569
3187500
4491069
3867802
2338073
2172888
2910750
3004897
4117176
4701131
1610438
3869072
37647593
45961307
1299312
1329365
2594861
3250643
1895616
3563521
4758854
4024176
2841106
1782297
2819247
2896703
4795050
4103737
4264960
6121661
7699067
17694327
3804356
34765087
1466573
40888251
1243890
23624029
2185734
2785658
1426969
2877472
1849295
3360738
2684791
1902876
4370713
2440792
2468820
1241157
2927096
14241914
12028067
3391987
2248538
2431398
4894703
4020038
4162666
4219520
4640314
3684915
22692964
32671908
1278135
1358925
2325689
4351586
2621081
2892425
2980983
3317567
1442408
1856108
4366923
3547954
1116584
1684928
45744351
1750362
47929807
2249894
2425886
2844704
1143691
1218437
1255021
3433140
3692058
4197692
1586043
1658959
1004938
1763783
1766377
1012276
1947003
2127501
1219982
2186313
2201579
1363336
1496840
1570278
2531197
1643086
1667970
2588123
2733185
2774783
2154928
3320071
3510743
3605431
5344439
6990479
21589213
1035374
1944439
1978127
2891223
3272853
3031408
4466853
4620079
4908839
28277871
36435771
28058636
1084151
1871063
1953489
1715368
2484821
2706565
3847379
4299611
26645261
47102175
2102883
1935916
1959664
2937102
2634987
2697245
2726131
2881767
3062975
4844204
34998820
15059923
1743231
1758879
1939006
2307480
2999505
3928310
6408012
10945256
11260878
2140397
2265395
2442051
45912008
2675379
2992413
2532608
4695151
19429997
3908149
3690625
3442475
2579318
3402860
28875911
3319147
3376675
3542601
4220115
2206230
3918520
4374220
1917115
2102497
29814868
16026941
38991966
40905462
17939246
34179061
1118145
42832407
1361461
1959072
2446810
4266651
3458176
2505021
3258323
3408979
3762905
2194784
34264417
43431913
34719654
2745679
3064797
1440277
2722567
2778247
4011017
2718002
1380199
1403715
1427997
1870270
2428302
3586613
1842312
2843156
2997198
2456225
33666014
50177941
2965666
3117559
46858606
1449821
4286247
3629101
1270762
1249549
2672672
2761276
32576636
1131178
37428273
2609921
2010019
34591157
3464293
32289541
1930495
34250767
29519435
3660273
1858961
3793193
1492055
3298415
4368301
43417817
2552367
2324915
2842167
2419585
1810893
1573399
2211947
3807791
2664783
4604435
1141627
1838971
2840993
1345579
3337135
1435513
2733627
3999885
3375513
12555625
1435553
1435661
1435763
1627031
1186995
3082293
2222473
1527999
2145659
1356315
10227431
1627749
1744203
10231849
1356617
2145777
1435865
2327527
14357931
3628285
4392215
4873805
52881395
1328343
3976355
1823361
2360841
4371677
4641059
3652489
14877399
5892235
2780961
3258983
1671685
3561855
3986031
3114277
1325375
1641699
2248755
2481021
1034209
2228605
2471695
2054231
2666147
2694377
2760821
3461015
1271851
4146983
1396333
1543933
1685947
1312905
4873671
26245877
2990701
33732431
34775987
4010377
1488743
2453199
2129417
1304245
1387567
2758295
1465345
1958665
2059009
3794877
3525623
3918449
4258529
4268513
4661303
2623539
27970889
4675007
12916961
1847667
4627465
4905891
17831161
6713361
2801303
2363603
1238361
1256949
17313725
3035173
2204747
2791925
1143413
3724657
14262571
1290077
35053535
1368701
1544433
1040251
34524871
2861765
3515823
2763659
3889817
4051949
4646105
24091559
2920375
2498651
31949889
29786913
1225741
34731361
2893151
1281911
1747285
2350051
1683515
2655391
1225441
3312705
1313841
2923215
3822281
1843749
1934889
3171669
2228567
1658749
2284875
3139469
3254223
1153481
3437823
1298987
1463197
1453443
2167193
3230115
3239499
1224083
1553253
2657173
1172857
3111053
1227039
3762581
1252759
1600239
1328693
1360247
2094873
1454281
2237517
2215937
2730621
1202515
1734347
1754759
1693027
1553865
2263961
2490479
1739583
2839625
2008995
2658943
2791951
2582325
4325561
1418243
2947665
2839055
1329751
1208979
3676267
1997667
4085717
1149745
1131117
2298229
1369329
1444097
2088291
1455521
1523605
2970681
3363339
2010851
2065639
4023747
2259195
2611795
2854375
3657739
1504595
47383633
2184581
2699435
2922349
1236413
2250513
2866473
1012399
1707961
3254933
3108729
36043249
2115627
48212425
1937023
4693727
50996679
51151071
1687691
2208871
4350673
3546761
11696569
4571789
2683657
1676209
23410851
1855727
3803165
1890517
1577015
1104211
43744515
2048063
2916743
4140813
46027049
2282705
2246443
9461687
1705255
2594869
15838215
2018531
12820855
3660075
1251849
1750617
3512853
3249041
1152541
1290971
2987133
12788103
1692713
13516435
2091699
1253261
3377805
1481173
3569635
1560625
1955369
3132467
2711715
3422087
4014695
1649487
3354493
24590905
30488485
2403537
2022785
1238497
29534541
31913973
3278009
4051907
1390375
4609403
1968889
2491625
2637685
3520213
1581395
1161099
1121239
1257061
1028447
3603429
1197563
1482749
1036827
1001983
2411159
1069579
1300585
1521301
3209883
4220511
2962217
3549593
42082811
2917045
1700999
2670477
2216627
1727811
44725861
3076889
3142151
3382739
4082489
1960777
35406399
4220573
46119093
2755721
2165565
2634793
3165351
3230937
1195391
2731021
1336187
1423865
15905821
1256473
4878135
3206077
19909299
3322721
3925585
1688223
2366315
2244959
42129057
2266375
2429125
2959967
36002801
1607849
1135871
2066815
1156005
1445429
1350457
3264695
2802461
2767916
1691055
1911959
53270425
2507900
2715848
2699499
2744931
33499219
1574456
4220537
1866891
1296269
4091865
3752861
2400968
2567099
4028929
1404740
2118400
2846699
4011721
4430881
1533222
4013998
1334668
1371115
2400683
2832200
47868455
4399613
4241972
2751804
2212626
2514609
1171193
1202066
3156726
1627614
1366097
1506267
1526744
2284340
2567717
1159950
3063185
3317057
4000934
1485354
1488048
5797600
40510385
2214603
2246073
2328444
1334267
1080292
2584410
2602505
2878545
1307539
1339969
1371691
4222830
4417104
1486426
2836988
1209749
1790428
1867540
4132277
19392293
1578519
2238650
4497175
1385702
4600783
4715509
1656197
9272008
1337861
2062680
42725788
4496711
1941297
3014098
2225156
26512584
2344168
2214632
2332053
4240502
3209068
1311129
2212811
1879254
2011059
3747677
4102675
4509947
1433875
2590055
2441619
2475140
2809706
1287370
18471960
1276470
4720798
2689351
3163204
1388654
1420401
1909739
3919800
2415112
1735026
1829747
14317711
1732765
4331680
4220453
2177022
1850077
1998845
1409753
1136584
1253785
1743715
1479677
2675983
1107011
3889759
1161242
1338870
1387809
1444707
1861256
1885020
2280607
2903704
2725626
2963816
3284344
1143749
4334750
9124382
1616988
10519781
1727236
1682259
2148941
1894075
1928821
1981944
3285114
1186679
1391374
1462019
1411980
4322449
2156232
2273211
1204999
3305379
3225056
1485403
3935885
7462304
1434930
1591368
3863601
1866423
3010109
2753822
2374549
2570473
2160042
2450466
29143374
53217789
2930239
1643652
1414694
1074489
3192720
11931849
3773693
1709965
4445930
3807549
4685686
1356595
1484764
1668823
3342183
2245261
1335146
2666074
25673508
2753164
28481985
28732596
3644263
1505417
25106057
42522403
1423932
1513764
3303784
2216315
16709748
2951836
3767522
4111418
4905478
36644641
42187943
3599109
2870529
2251668
2879794
2364792
1099697
1089619
1290728
1336277
1456812
1581797
2446988
1863967
2161453
3250178
3839692
3916385
3971591
2596230
32508247
41819480
1838654
38833445
1990505
1085173
1612400
1787555
2369236
1980914
1998290
1238091
1297037
3702120
4504710
43572945
1071943
3702697
3017985
3639383
28280517
3411493
2719470
2778480
1142102
1560638
3695644
43439822
2042387
1131219
1668013
2778001
42784889
3063282
2809807
49042403
2560154
3015187
4573158
4333144
1154761
2681907
2848570
10732485
34418308
43991070
53013841
41284889
2842889
3833470
50287957
24581202
36107165
1852963
3625189
49553743
4285292
34093583
1378275
44300809
13308467
49305391
2241834
3064743
4453116
8729976
48921628
21139008
23528082
6777575
1469011
1501534
1693858
37984986
2099470
10368476
1075787
2465063
3046718
4364291
47015906
13788547
3067619
2395869
2949810
28365367
14812383
43945683
1834232
38951578
2694494
1228854
4694792
25875275
46934713
1667070
1297871
1429436
1833105
2915057
1479318
2168391
3836203
4452294
4471521
6633639
9965891
26991074
27136004
49896996
43976195
1575090
3115123
3836127
30837588
2351662
3312677
2368389
1405035
51929881
3725297
40905719
49166183
1322016
2787055
1798353
2342942
2325138
48858145
3061177
2622227
3124163
42036979
32389959
12275159
44207600
44754722
1934011
3201418
45528423
3270367
47542868
46990257
4003204
48324252
4462735
25509613
29141857
2284041
39481087
2351310
3640317
44461000
36315023
20999688
3534281
34838367
30289658
4484593
36083318
3091278
13027027
15111535
12672705
33066007
2220791
2537066
38052817
2402523
3623039
9446558
12485322
36415944
2543915
3996441
3800423
3951397
12351704
37428082
34324497
2140723
2704667
3514595
44538154
10041200
4817275
8481972
2665059
48011869
3792749
1250625
1472625
3107188
51846932
1078097
2570923
1144988
1200413
1272902
1418021
2519973
1657694
2584221
1761719
2706780
3968734
2206709
4225056
5526909
2333951
2436116
40686495
1771198
3255138
1416111
46795515
3511016
3529585
42620447
2349243
50151619
2216119
1006040
3834258
1187220
1014154
2710924
1175744
44970928
13158341
2647290
1803041
2933658
1429528
2196329
2243330
4921848
3622355
27838098
4368980
38702094
40237875
44439003
2632510
2639092
35026823
2942254
43147682
28387635
43403795
33797943
7858081
40537259
10975045
41686058
36543463
36598906
2450934
5379149
3260274
1514690
4051779
3215960
1927353
1937132
4100973
1114185
1122887
1418969
1498604
2680480
3202579
13554718
3557675
49752384
50159193
3965290
12128438
1708578
2430715
2517695
2467057
2229444
3008281
37940018
1155575
3830089
2474361
1871471
2558874
2245409
1903726
1450634
2231458
3529347
3719805
2343743
41745343
2422453
1031513
15071124
3535582
3874069
1927769
28568442
30571746
1862560
3253967
2518264
2737602
2826366
2847237
3955331
4077260
3754341
4504781
3237463
4603997
40807254
3699220
26463599
46900566
1335131
1961531
1368453
1961715
2074566
4042241
3837084
4022025
2164247
1621464
42843412
48490805
2447563
27301234
1114517
1280678
1313051
1425038
1492247
1612529
13000251
38902887
1390570
2094171
1526197
4287912
2541523
17299737
3965866
4047703
1939251
50448959
39580900
2664570
3127743
3249540
1922377
3788343
4580112
4752048
3307145
13343897
46957649
2150625
2216462
1445403
2962211
13757159
41758302
47590233
2891094
2905348
43944120
1318693
32122497
4075285
2172792
2502612
1301863
2112542
1826407
2956363
1135667
30751630
2886993
2574769
2714359
1746548
23949239
1924858
2212087
3709711
1991432
1463823
3469373
2405757
17470070
4501247
30069687
2798202
1122545
1440993
3437867
2938290
48204649
2629363
31333047
48922240
46231106
1965708
21934748
6737136
40708600
2136180
4014225
3349198
1712411
3441714
3669927
1901101
4112738
30794231
2056172
10358809
1201136
13336442
2543330
29559270
1396316
1136086
3782187
49389567
1345544
2304070
1398560
1604084
4397619
1011538
2141072
2177774
2191973
44362512
1475401
3117284
1345479
3309986
4262969
11513771
3617014
4422745
1094347
3725226
4067406
1342349
1350161
3753838
30112735
41881869
1319212
2590634
2887544
2497248
2183941
1185929
2055996
2486417
3317044
3152972
2641951
2293673
2147232
3428780
18649477
1636875
30022603
2481357
3989114
3781017
3877339
1057766
1370070
2558434
4066021
1606511
1146873
1043204
2169871
1661325
1449116
1798367
2363465
41454469
2858957
2943402
3507203
3676340
3888176
4260377
4310936
3824035
3458434
4456371
25327031
4529917
13921171
3888049
3972596
1116992
1919017
1370062
1904758
3250776
3177598
1108444
1114071
1162206
1521902
1309825
1527077
2214189
2355387
3498499
3719118
1565707
1942612
4740393
9450823
2674002
47873686
1249132
3344742
48472376
1468174
1957078
9366366
40047288
4384252
17907919
4373295
36412543
39771748
48878744
40927653
38438306
43012886
26654132
1835035
1989370
2038054
45491309
2444379
1767884
2679571
1483625
41516517
34969965
3472390
2479127
1576818
2690693
2923955
4381828
3813191
4210266
4369772
4286319
35470012
16103604
5612375
21852164
34282959
36818382
47055900
2691579
4604245
1254043
1226034
2360674
2702038
3928150
4154186
2428113
25541761
1421204
3437678
3959641
13155317
2163319
3592222
1423374
4578100
20942429
1110718
1599159
3999767
1256182
1338946
35106467
1625959
32866458
3724809
24714149
3394044
4048424
3385939
1440026
2182994
1309695
1540017
6670456
1225871
3610704
1223969
1229402
4819651
1328142
1301751
2194330
3562299
2148726
27256140
2951317
1278759
1429931
4815382
2355906
2668037
2720864
2852012
2888523
2883263
2972993
4306564
10935042
1648219
1834000
1915401
17901868
28733439
2124754
2490781
1667059
24123548
1142987
1159377
2195198
2200199
1375146
1457523
1327654
1949697
2327580
1969654
3850530
4471542
2297434
1316194
33524313
43115223
3388571
1110498
1410576
1433688
2963459
3205219
3070743
3304329
3729157
1101470
4130731
41945517
1770410
12465378
3444146
1001987
1433858
2687147
3662852
42881475
4188509
3534262
1956453
37019067
1070462
1513526
2022869
1213056
2528293
2639205
48271156
1988809
14997017
1568032
1543888
44412900
1987759
1940439
3951031
2878674
31873987
1208285
3035759
2625047
40908676
2379338
2222526
50333652
1396912
3537997
1420005
3942935
3121431
1066997
1496193
2639210
2060968
24115448
33120854
1966441
3842352
41986258
1047549
1793079
3963695
2400279
10713808
2436372
3233120
3050625
1674418
1866607
2311159
2398744
32511888
3384515
3397420
3669712
4707973
1450128
2640868
3050688
2134225
4246812
6773088
2299921
2373997
2715705
1731388
1640109
1098391
4291989
4110779
27891516
2852764
2506073
2869543
1667850
1438646
2112321
2729016
1468457
1995095
2875761
1499840
3972342
4541859
35692944
2453674
3598361
48067080
1711229
6776009
17049915
3857196
1412545
2143190
34036201
2544490
3631445
1414598
2251781
1395707
4147851
15991206
37084260
1009287
4104281
1833363
2144994
42779981
47535719
1816424
2730353
1678813
41978315
1046865
1392487
4684527
2013024
2241273
1394797
2461314
2484728
1286027
1854200
2314013
4220543
1769260
2580285
3013774
4031166
1376873
3461369
3570422
3826442
1731469
1266260
1626881
3521834
2299182
1091209
3928307
2657640
4044911
1553341
1998965
4653662
2239285
1641534
2400445
2676188
2547163
1246844
3845611
1853699
4112225
4615900
37443035
2754514
2255709
1392883
3956604
2302238
3829151
6845685
2181345
3409263
1087325
3172126
48183402
3341098
3986741
25744755
13132307
2862733
4248789
1415173
1178407
34940639
37846517
40562915
2300988
42010165
2290297
3592608
16235819
2433272
1988070
2660183
48034121
4166403
3748355
13817541
1883673
2079806
3481510
2798621
2996984
1277091
45292682
1798164
4192625
26641477
1744645
2770855
2722316
2732797
4284502
4870660
4645967
20486627
45693922
2303199
1521004
4291794
28491068
3102750
47780279
44233840
4660239
1104668
2067056
2177543
3493430
1240778
3883301
3619836
2292387
1713503
2944242
2339043
13327014
1868868
1468433
3537585
4204515
2676044
3147647
27735868
45446139
4457642
10377026
2179065
1828815
38703270
2918193
4070477
1854532
2188362
1803259
4350233
36803118
15191908
26401762
35924742
41256849
41219416
4341015
1327723
1413529
2063239
45768787
4094814
26028825
4334423
43509388
3341311
2235743
1568017
2135800
26431865
4568791
1531518
38610159
3438864
9409624
3629595
2943979
2762873
4457868
28016035
2587490
2796452
3645992
4631154
37168423
15890588
2853058
3679601
16364943
4898305
1758341
3313238
14640068
36362047
1458853
46264701
2989067
1533763
10648536
45504759
2657252
42552064
37562394
2192178
33745823
1296444
1820872
2324838
3068165
3193436
4387666
3114927
2587065
11095009
36390460
3632445
2653321
29956938
2735578
2542127
3212273
3945542
3927982
2563929
4240118
3752777
1785866
2077312
9285685
3577716
4534290
31068212
50136713
3555645
3533166
1176351
3563933
1167563
11166435
1563814
2236391
2803403
34798232
5091200
2052994
3810485
52409231
2353436
2285647
2325031
1047662
3062397
3074845
3176675
40336731
1041853
1225118
31703122
2261706
1230448
1655514
2491875
1304645
1559724
1489916
3651043
1938500
2045895
1900912
2103483
2301313
2679496
2201168
2254871
2776207
2600409
2452349
3771385
3804181
3911002
3496080
3581841
3648027
1332895
3469616
1455487
4068843
4073526
3901412
2219395
2367610
4251455
2577052
2620033
5772222
6241926
4628564
2789278
3089251
3355573
3400183
13187039
2051265
3799600
1388156
1986947
4266405
2574920
3454343
10513458
4540003
4635973
1455783
2212293
4047189
1054157
4493294
2978691
33323747
6857929
1210910
1779191
16037077
1904553
2522275
11553566
4064534
4240456
1377568
5992538
9022581
4039279
4354450
1241847
1216274
1523720
1818852
2107143
2604818
2465739
47518960
3444863
2859639
3129393
2773780
1369229
2513265
2806911
4205789
4490385
4731549
3235291
2504500
1376297
4674594
1312749
37749935
2434185
2634240
1489558
2761392
2336006
2544002
3478125
3794247
3459449
4220958
4237872
3859883
4326459
4116895
4509624
4163459
4727043
8344899
4414640
4535141
4668983
12748405
18984626
1797055
1412886
2044119
2327683
2427900
2567686
3493372
3760893
3437474
4220473
4609278
4601207
11016993
4790672
1382035
2391489
1000146
1075410
1694882
1305000
3501092
3533360
2076053
2387181
39940351
2276030
3237260
3595190
2376370
2503942
2639791
33992115
1906433
3270520
2135840
23201771
13662666
1634118
2516027
44901006
1678529
3178658
2249022
2839914
4871842
2445948
2065935
9656413
1117877
1068399
2021207
1304115
2349344
2683202
2051781
2243859
3262993
2638077
2661690
2990685
3075096
4627738
26635488
2797892
3321845
3678164
1323171
2694313
2166408
1106122
1001827
2577393
3368385
47410448
1627228
4185657
4220421
2364548
7788588
2670329
29810349
3159132
3925155
2046048
2188320
3737073
18437637
37149434
1739890
2065879
33810975
2733979
36468480
3326555
4005722
4061663
4414102
1214425
1347339
1633674
3101410
3102066
4318270
3447147
3734526
4481136
4013017
1522012
1950570
42893502
1670468
2261877
3466829
46877936
1285754
2713107
3392100
2521039
2395682
4535450
2707432
31910831
2781145
2375145
2830645
2999671
40557633
3372697
49118255
3439117
54210399
2335642
35540945
2400453
4376971
2882760
3991395
4140096
43063797
2194288
2271889
2644693
40764630
46219926
1620236
42816138
2474888
46142282
1961433
2244429
3481745
2582970
26017196
1982618
2359152
2157500
4705099
4737838
43517700
51958128
1730067
30966933
3755559
4132658
33879375
48047142
1351097
3850507
32719988
50515226
2358752
3454346
3500732
2231779
4155351
3986033
21324757
2277516
4431569
2289805
1223962
3615697
4042671
47129317
1505762
33451374
3427800
31413840
1088067
44396754
48317464
7025251
43769299
4315919
40676995
4160822
1558201
2568740
2206025
1645596
1380069
1117026
3172652
2264595
2381339
4379143
1243237
4372892
1714586
22584337
2962730
4791678
3487427
24997728
4792625
5601806
15179978
1230523
3278340
3473915
3512724
1953245
3802891
4281400
12553567
36556509
4037640
45390618
1942988
2094800
3958829
4833495
1769243
2409993
3191916
3026167
10012045
29706018
43362309
47609577
3653633
34934254
2261921
29980974
1417393
1739545
4042034
1350086
1351424
22502690
3479779
1559367
1365543
1784340
3029232
4222480
1406156
1048320
1511099
50103942
1751776
1995618
1880779
2634883
3496117
2258201
2680154
2694125
25422375
2743949
43868398
2808008
2889782
3308316
3464132
3505619
4301088
14686575
4290821
4403444
4449656
1428417
36401341
1700343
1778985
1376125
13023938
4069012
2117322
17112800
2175915
31223342
2311989
37330841
3803592
2285188
3962121
3681085
41376284
4440999
51489184
42953213
1938841
43761473
3985204
9760563
17187261
45811718
17632719
1171753
1195039
1845586
1885123
29925231
48048935
2376283
3773023
1046848
1363883
1272727
40884942
41035473
2263526
41395266
2585978
2956280
2980562
1044676
3209018
4208381
1195924
8803487
12028430
47580768
47444890
48117438
1967036
2321093
3842452
3088532
1239147
3423911
3668197
1109486
1450463
1102981
46568198
1506706
3911956
3928681
3127545
3044246
1036207
2622532
8320602
11875387
2991178
4378447
1786361
29939508
37336358
4030094
40550075
2705359
2976369
1531408
1709749
1550883
37049762
1141443
1574736
30985289
2656137
35631422
2996211
1576592
2768443
2770021
6277242
3029425
1326716
28967133
1444532
35165934
3359599
42085491
3490640
3623386
3755605
4091011
2470914
2289314
4440402
7836409
19883856
32601306
48348510
3584978
1004159
25984120
1553643
28454209
2565873
34990540
3650052
35674903
37388623
4389173
41339734
52031585
43370290
37449599
2697056
3018704
30512591
48502963
50033880
44602367
49428055
1517642
1220427
2404671
1000806
2362112
2171661
2043289
18260756
1646529
2140757
2518594
2158803
1895957
3810713
3668747
42862926
4688372
2366223
4060153
4411525
4164054
37898370
6381652
2194961
20021212
3312836
2805078
39250048
1748645
39712300
41732473
3525626
46002196
2559112
4003889
1220704
1500393
9059860
41429212
1106037
2235905
1331235
2361809
2076573
2227560
2260971
2773722
2833518
2875662
2912535
3111405
3310101
4254751
3694512
4611187
33143875
34187563
1209692
1678217
1108810
2389271
1716184
2953544
3427829
48415974
2928783
2558607
1569861
37818937
1033574
1574295
1125953
2420010
3899826
36667983
1386395
33528639
1413728
53186389
1480124
1655717
3288642
1993397
2048516
2314639
2333891
4364220
1129904
3613677
1835079
9122032
3872290
1229633
1475938
2784284
1449399
3402812
1509773
1020097
1812203
1368364
1934030
2297112
3432657
1007765
1115171
3402019
3476926
3758100
43085512
4083582
1576958
1515313
2134580
32932651
1221339
1234497
1858389
1953795
1296122
2851057
2646153
17608024
2061956
1341327
43743778
2696968
3078110
1776394
1493583
1931079
1223861
3351505
1345203
3328694
1412916
1536481
2012119
6691153
2510925
42064598
1510294
49352144
1013292
2051453
2701663
2781847
10147103
36454955
3280153
36893819
3470107
3483616
3491575
3623371
1686014
3810472
2592869
2065461
1730303
9621664
1275392
1509416
1532426
1950140
2215083
1073628
2517663
2330927
3516444
1391836
41961669
2540747
1766229
3318526
1278481
15462238
3468838
3453361
6405057
6623040
12500908
4535909
1807192
3453607
2378320
1619225
1243055
1534150
4690349
2244838
4705047
3513985
28710615
38747892
39230340
1787842
1442797
2117904
2244991
2121693
2159859
2374176
3467562
3506775
2247427
3856284
1623869
2370460
54700923
3586087
3613915
43008776
3632728
3280767
3741358
1249403
1435176
3575855
1446123
1718223
1834751
1845426
2045333
1995480
2104773
1709807
2177082
2200476
2568480
2724050
2767002
14830211
1401151
2197546
1335943
40009361
1610893
3583578
1532635
4248087
4641002
1532980
29335962
1168900
34590054
2422964
2525594
3897164
1499178
15015884
1525473
33934523
42495323
3781014
44937407
1121386
1130959
1772089
1930717
1981369
43447295
1750707
1378511
1804214
1568110
3595212
2458733
4215702
2013481
36646683
3136298
2179468
28790495
4193181
2408023
2178894
1683047
1182889
1384802
4543425
2404845
2035253
2679129
3240602
3680558
1764934
4161377
2105221
2423569
2797183
40181930
5802457
1255122
1957857
2555775
1910150
3296207
3688098
3693891
44441651
1451512
1455229
3808913
35388669
1474524
1065875
1558130
1119403
3045273
2471576
2632277
1683520
4353393
3542111
4783002
3556004
24092137
10251240
10434900
24684774
31369215
1632243
3362581
29049046
1038854
1355576
4227661
3498655
47191559
39372860
1458566
2544854
2544847
2230965
4597037
2710206
1347688
1428429
1777487
1819091
1445523
1529566
2002342
33327097
1894530
2201229
1689217
2044963
1098859
1271725
3574272
1956367
27578165
46341440
34657188
36439653
2515681
4097005
4436791
3894059
3074987
3821342
47419552
28504032
2476697
2321073
2302426
3736144
3920408
3724194
41426233
1061063
2325300
3309280
3472561
48134602
1208615
2393833
2530994
1700815
2673130
4319279
1447107
42045775
1348920
50414755
2617415
2976011
47165979
50074203
2570145
43916942
2244430
2144688
3172939
2957205
14180767
45023769
2422182
2265428
35256558
36313232
1789231
1927972
1141112
2349522
41757835
2730171
1775923
2918721
2244688
1004660
4674295
1134074
4262752
2433030
2200270
1085930
4510186
1319819
44193063
1986305
2113058
3011716
2327792
2164746
2754632
4220451
3280031
41223444
1920388
4685293
5790187
29834942
33156341
11549461
2205783
2900286
1745894
2991816
2440712
2680276
2569658
3512264
1392787
3311317
1930214
3827879
1029930
21183938
1490493
42579878
3092998
1877643
1892823
1988067
2045346
2731723
2304759
3873440
4448833
1573052
1121575
1552810
1162022
1541401
3622680
43541743
3681455
49842464
2297107
1073275
4630537
4435413
3273353
2518621
1972044
2395200
1700653
2157921
2788578
1557570
3684042
2742893
33403593
34374154
1113607
53908914
43784717
4499322
24987020
2405957
4218898
4197303
48408423
1737855
1747913
1391757
2201936
4462052
2731031
2033163
46117453
2772615
1195429
5515547
41757992
2083612
37790826
39380271
41955114
2112211
1620052
2467854
1312259
2152150
39534996
2914111
48464477
1250575
1849729
3309455
2633415
28777085
1915435
45287484
3142549
48800022
3343780
4643975
1016483
2020860
1506008
1677671
1754032
51833349
2201510
2524238
14407513
2849720
1856979
2961536
44136034
47557530
3030995
51234415
47586516
3574208
3785207
49378689
10580039
3928761
1653927
4400940
2458939
37593875
30805558
41040671
1362772
43316820
45561950
37884375
1665928
1195764
1644329
1992622
1747724
2847768
3402168
3698727
3794292
4011021
4341912
2440958
4424781
10530183
2563364
2566267
3745700
41061267
37794118
44052312
38698093
41248339
45388866
4423745
15419522
1364608
1211895
1769986
4296227
10955105
1948738
2116975
2139235
2228923
2291338
2364610
2386252
7673303
3415260
2915818
4774994
3931017
4203678
2215643
3944554
1807589
4279735
26935318
3703095
3555914
2122794
1100517
1412628
3637984
3646843
2145560
1014294
2180693
1360423
40138254
3511469
3848444
1044624
1362531
1997922
2471744
2634036
2913457
3530401
1027703
3943461
35741795
44129891
22897905
4570845
4204014
5847945
2860016
1777311
43120896
2764275
2083538
4112786
2918759
3050481
4393041
1756118
2226881
2716007
1260084
1375686
3974435
8903753
16747274
28063256
2361147
2742843
3040800
3798396
4063584
16855686
2519585
3194735
1135590
1268313
1673135
3551700
2557415
2991935
4197785
1727506
17350823
4598230
2527981
27581616
1260043
1635199
4693122
2403196
2537815
48220221
4736900
2537073
1262186
4313069
39552048
1239935
43296109
2201811
2195525
3023775
2674587
3997055
2388255
9848389
2324057
10028632
1864356
11745378
3639981
5467634
4317912
1456051
4402845
3080560
3084422
2593980
4841363
2757088
2010732
2869856
2509795
2268440
2846160
47903479
2459153
53277004
35897449
1458449
1066033
2040301
2159137
2376141
2499112
4462740
2709010
2794477
3020716
3113611
3433186
2090244
2234225
3503389
3898701
3707548
2525634
4292233
1155941
4409761
4804267
4035267
2897399
3846725
46993542
26336896
26720029
38845805
1279086
2911428
45260537
33467518
39819379
2379291
3625020
1073466
47204854
48770314
3475293
3561996
3668817
2150732
4031113
1006977
3278285
1273539
1824141
2064472
1142897
2787916
28114295
35748426
2093888
4001101
4865140
3749286
3926940
1051466
1270717
2262263
1270708
1050141
3209078
3388790
1845090
3821267
2122044
2154009
2965975
1475614
2373021
2617734
3801124
2900799
2037940
2926320
20036615
29612768
3226515
3527001
1376950
4559511
1429633
41377160
4825677
7677732
1094557
15719190
22146540
31050837
31119507
37018719
1674595
39166185
48542177
1513865
43054575
2052074
2116385
44259966
44446125
2271530
3522728
3572851
3825677
3683560
3695005
3944666
4297622
4313141
4591712
8310965
11180632
25416674
27198740
35250107
1254795
35561330
35723594
1416720
40475285
1739097
3844855
1513963
1891302
4679743
4439839
3207345
3344579
3390858
30398891
4006389
3728129
4057362
5581670
4797325
1504814
10334685
2193964
1741742
16902123
2582395
2737693
28110498
31908354
32931075
1954187
36312468
22763260
36408357
27252178
2411186
29276686
2450597
39990048
3116582
1950697
2931076
1578241
44421440
3073495
42925164
1489843
1786451
36470468
15505700
1221244
2233505
3502282
1396617
3791031
2020726
32710197
1346941
1158476
3226873
1276036
2199445
1821541
1214240
15869701
1430219
1424503
8931895
4658700
2658321
4169667
1011829
3811902
3968576
2632879
4276995
1109225
2188381
2241333
1315388
49848871
1375757
2895073
1106559
2203535
10996248
2171370
3048997
1064988
1099226
2092097
1060608
2078534
1639626
1172385
1794155
2135435
1601769
2190155
2292844
2066289
2535562
3371085
1373526
2549982
1109637
1167558
1279487
2416392
2544819
2094391
2140981
2582430
2285143
2339601
2556256
2908729
1573137
45207962
3730723
1288430
3755371
3843145
1740474
4600174
4785961
33261317
38037275
13043116
43197110
15187405
15519304
24383737
1378278
29517283
2195600
2703296
34165909
2858735
3089474
46153067
4196529
1000808
2461067
38698837
40025131
41587534
4111757
4502573
3060156
45018421
15585678
3747333
32798897
47995132
1478651
2491763
1570980
1438042
2118072
1664497
1837912
1905004
26107518
27854817
39562199
3475763
38982816
2353750
2605144
13817411
2637445
2357924
2905183
1762020
4220534
3366535
3520567
1460703
3913990
3950776
3569211
1142465
2300708
2438828
4420210
17227604
16018996
3390039
28286987
23383456
29255782
32574546
31644658
32852317
33863236
51001796
37146196
3479867
40831861
28579631
2791878
1923985
14424683
16339361
32521064
36886811
45435125
29999775
1088689
2026720
2642983
3177223
4685932
39923797
4746656
2114262
37857209
2191342
1988237
2605199
1273145
40765029
2138147
51247597
28132948
2537777
46582122
1258692
3508832
28208205
42596046
47706876
1503790
32314598
2265177
36871505
4632945
2470260
4134621
2314820
2425445
33444150
1538151
11007481
13276592
1909929
2419725
34103576
2589540
2596539
2605929
2691600
3514920
4129172
4236833
6339354
39313826
2812187
3192878
33249927
3501515
3558038
40857549
23368979
54646782
3711487
1346502
1739170
2444256
43108013
3751389
12810391
1066891
47400155
48575681
3071100
1259691
1093502
1263224
1659239
4488291
22825314
1129696
35299371
4268650
45854738
3071521
1632184
1412912
1505947
12677295
3288620
37589894
46718546
4802325
3542006
2841294
31615055
36352428
2531447
1561709
1483901
1391868
2489002
2301861
2461180
2669727
1278236
2699154
1872991
1922278
1734059
2349757
45968994
1401502
49348419
4673966
3317537
3304731
1188569
2313982
2515861
4467048
28718154
1176077
46466310
1428410
23744316
2121905
2151383
2157077
2752548
3184469
1328351
14703729
2349788
32423635
1079660
1735543
2358026
3641883
4655766
5625093
30346190
32663919
20183585
2226500
1150260
2263686
38863587
2988919
1219202
1797338
1909359
1307974
1725541
2007652
3081139
2717147
10982270
14039438
28617777
34146171
3641737
3735802
4378130
1015940
4367352
2822876
4711200
3579524
4662267
1407945
36409826
2352393
4572465
1594199
34567044
53643388
42266061
46779930
1580684
1431756
35852050
41167045
1348405
50821386
1082108
42285240
33637553
3079981
36489192
1901492
3542488
2307866
2456112
3642788
14033902
28298731
11041140
3825825
4026496
2452719
25609280
5816161
34472747
3946356
3478755
23652790
42455678
38225048
1555980
1862235
27311981
8418350
37341865
1333985
1553349
35761505
3897933
34293698
1992339
3065705
3334170
2252377
47401297
4504342
3621029
2083746
1608244
2438577
2704746
2994063
2719855
4795425
3436739
53124107
22657544
4565015
28249237
10840994
46042701
1142899
1759564
1869172
2644363
3265036
1583208
2520799
3963794
3171015
1393475
1812509
50150728
2219100
3115725
4243485
2455187
2167504
32931532
2637398
2732209
2725535
3832959
33591688
3632483
1740261
2857769
44709208
43688341
4573926
11476062
4205512
3555293
46415980
44103613
2316883
3333095
1013913
1085085
4280809
2938138
3614801
2321619
2401548
2640291
3922949
3894611
2797911
1173313
1416236
3620079
3903930
2575922
2022034
2756260
2644556
2707223
3196984
2797343
1576039
1980913
2478703
2931934
2419560
3319895
4049017
1246404
1528683
38822765
2503901
2172450
3304021
2436948
2550558
2162612
4238171
2251459
4260725
3251763
46555853
4340270
2045869
1924020
36791614
47194220
4833519
9307356
13442415
1113718
2216349
2869236
2273511
39771047
4204759
3300882
40769158
2536367
2837546
34578764
2327673
44590271
23751060
48515285
52495124
1239600
2865681
3675207
2024683
46542096
47030826
36383389
41563557
37109972
3333112
45417821
2376474
1474400
1487708
6833110
6866635
4193259
4254459
2294408
2748236
2256609
2892125
1773696
22214919
39238785
3554036
49515442
4435904
4583007
2447815
3002077
1275383
3829432
43967601
1713971
2461321
3926950
3217631
3485474
2815900
21339367
2433423
4552667
44186443
25990602
37095552
28963525
1168109
49021555
2051510
3305458
3881776
2211005
29723959
3042126
42472837
49385621
43448530
3510714
1825577
3850274
45024406
45162331
1675093
36727811
4695730
48297938
1240164
48600068
1402284
2301781
1025735
3236221
1220657
2430723
1412444
2149468
4117360
34621146
39789595
3844268
48316025
1992201
33131048
40509644
3869535
4022439
3292582
3939802
3674072
51663147
2232347
2236640
3484267
1664230
2719655
2132359
3095558
2617291
1931841
4233092
9317534
30352530
21750440
45787368
3848401
28174547
3732952
3178239
4173681
34231421
36173225
26815425
33969411
38947503
45412844
39442971
2753278
42148311
44077919
2941579
47269557
46523153
44877440
1206294
46654289
1265343
43514285
44193305
2670070
1938836
2252148
2662038
3230830
2704545
2784891
2364995
2802789
3965372
3382671
3615108
3626967
2240134
2411710
3789876
4025358
34152226
1686100
4727655
48506705
4742484
2581567
17862564
27695937
3537412
3820033
1098581
28186411
1439435
35122479
36367044
2488117
39087357
2712632
2712998
2988341
3901826
3992663
41122896
46564156
4534088
15087527
3556198
40567925
46371417
38936032
41573128
47660245
1482888
2203489
2528767
1332672
2758972
1351560
7321636
41459356
49928430
44612956
52192576
2623467
1267130
4362480
4480464
2755232
4642460
36875992
10459520
2052115
3249541
3390277
40060281
41390775
28034930
45095070
33114389
37452497
44128354
48018383
1249830
1405053
4400791
1423209
15577882
1472628
1849953
2625060
47017153
2289731
2259301
3469422
4331049
31737278
36674640
3155645
45976651
40626366
17555551
1385542
1118488
20098547
46654290
1428748
2245405
47669382
4080052
10480490
1452001
49298163
1782886
1476917
1833602
2134024
2177920
50002950
2911580
3363305
50048922
2872381
1608621
2364309
2430099
2708247
3080736
1599277
4838229
13438719
2377789
25402272
28590063
3435439
1999417
2274622
4045406
41513478
2777590
3985937
3979597
4564549
1904670
1334851
49335910
1160700
2855214
2243827
1269961
4453368
2363846
3742942
4244678
36541807
1205421
2472398
1811895
4809644
2690985
3075858
2596607
1544605
1988647
2176639
2240752
26904290
2607820
2811583
44034830
1991559
2608826
3572746
3650137
4629699
4642221
15089701
33326376
1339739
1076139
2161743
4403464
2906265
2765648
3070809
37477462
41452967
1429430
2277957
2906243
9497677
26363653
35784838
15300068
3275451
2518313
44670649
43732843
45784786
1206347
1302460
1410638
1754720
28624134
3432665
3550582
8512872
44524147
44651656
47853106
46914074
48778630
2568231
44564450
2670312
5543529
2156362
2184142
2466358
2469727
47271417
1355355
1443168
4013800
1676907
10483354
34585518
2634665
3328361
35429527
48786642
4338806
1611630
4956017
4596888
14588474
43015439
47963728
49377622
2157036
3004821
1457275
3180834
3182680
3499810
4616506
4244115
4291806
42959755
14264639
46628650
1762683
48000289
4098682
4457590
36266271
43273667
31860590
3551169
42849746
24942908
4659949
44450937
4911329
1496125
40083462
1330694
2830532
1987498
3904632
4515888
17700444
45195523
1478191
1246220
2769939
3396661
1311368
1348529
1453490
3228177
2561124
2421937
3857859
1217821
17287164
2103250
3065656
3248407
28843899
2286590
32066958
13901767
2752331
2218104
49621384
27515132
3063691
2153490
3076722
4592307
44059832
32470656
1203647
1391294
1421801
2234701
1507416
2342904
4068608
4192814
2949468
34390522
11841314
14360918
1802665
1820218
22652246
3649288
28300541
4880442
30772018
4609063
36711833
42742935
1763725
1017552
39857162
1159179
1272141
43906768
2108505
23459040
31966756
4483170
38537412
39644396
2642932
51109808
47534259
26779706
2201633
2456502
4236904
2187707
2441302
2610880
1809725
1214678
4568631
42183745
37308701
44410002
1619869
45493419
2659876
1091835
2238229
1850115
2216111
2388306
25252313
14198713
1999556
2513919
3705372
47824402
3895932
1156066
4230534
2580958
34760178
1987112
30687234
2991163
43015899
3969557
1367215
1403560
2136973
27290907
2219794
2740153
2320160
9105120
9489458
39378359
46504748
3495122
2271105
3908136
4046089
42995459
8449183
12349768
26634828
47925881
35665519
40538508
2787662
39189310
1345634
33327014
3213485
45185587
4494200
48613311
1260080
1298415
1343676
1944873
44874390
12193557
4007243
3488174
2992279
3514810
4246883
23284665
4629743
13812473
1427487
1429071
1487105
4394557
2343078
2797425
3952457
21113527
26834926
41065958
2422694
2636171
40829237
3304695
3861714
3891444
3903987
3910959
1483190
1525348
30522846
34382434
4090614
2917976
3388517
4207222
15082485
2457456
1318778
2187466
2219950
2538816
2223136
3325253
4131101
2487952
41595456
3485398
1417619
1629605
2474010
3608989
3676229
3896418
4206601
2240303
36796452
37222993
1358854
1596351
1900636
3645744
2018538
3544816
3816877
3177330
35416378
44186864
2619805
3481720
3659608
17394956
3948849
12404290
43795101
2331965
4472717
40274740
54935496
37162655
44928935
46703560
45620317
4638934
4824961
40752733
1436231
3583632
1537293
3816341
2876940
45199306
19506896
32693599
3079081
3707074
1613073
3319017
48976043
4237171
1525863
12975919
1427199
2716274
15473707
16038088
1804917
2046581
2101761
2730626
4249277
44299665
44599902
2193206
39673720
41509936
52270113
1646190
3896236
4381217
4565333
4522512
10362594
29339548
33053052
30607874
32279108
34747409
35346929
1397588
1444793
1910159
38573041
1430094
2050259
2282216
1677024
2547926
1803003
2636954
46641076
2039019
2168130
2927210
2327040
2327727
3005504
4613411
3595385
2432915
2859195
1877348
11341037
14105717
4454689
33395135
16725073
1694096
1578973
2992895
2944905
3347311
39214170
42554529
3254624
2680558
3308827
26443578
1448171
3770296
46191350
35671927
36236137
4891427
40489886
3873060
2093804
39887680
45766470
2572647
4668463
4562284
1176730
27028384
2449615
3189037
21459684
1477941
36783439
2226480
1559804
1154434
1699817
45016195
1400697
3604724
4414565
16848931
4498844
2656878
2693709
2886615
36407632
3291981
9608859
2534650
3028319
1033128
6996404
1669866
1753635
46887808
1955043
2199955
1794263
2994840
4325897
3235902
4061781
1244600
3837065
15202472
1955627
26715370
31573405
4436063
35684747
42115657
30965993
46465820
4269309
43686753
2901894
2321593
1007628
3870516
2305117
1602256
2494271
2117923
41462885
4573661
35654368
17810469
1541636
39701142
40780407
33129569
2798270
2334096
1968590
3587021
1991545
2073692
2252406
3437969
40888278
33652644
3545595
2312985
1340772
3758015
2802838
3421265
4066257
4918040
1174903
1176118
1583200
1755160
2732511
32855147
21562038
32589303
1311564
2155325
47412295
2076694
2163045
16046911
4096253
1823614
33259128
1968094
2214380
29945110
6925548
41734357
1199862
3343388
44857525
3458916
3815495
2551345
3925641
18566222
2458053
2876163
33693937
4006956
4064556
3961184
4244773
1940454
2922656
11550036
1283954
2459704
3274960
4190720
1722722
4227456
27162544
41980699
5580609
28795938
4220622
3209077
2456735
1384308
4278940
21067957
36206923
1281505
1595740
48451814
2673680
1525164
2534574
3380824
3510925
3610063
2293985
3449192
1955756
1397474
23361529
3506147
33957970
3431468
2196391
2241331
2415470
3041442
3796539
2901907
3868792
3354953
10564821
2575515
1396720
2087411
2476453
4337454
16140782
3682681
31516699
1790470
2011033
3288832
34767433
2176661
2369108
2466068
29140722
3624446
3890522
1002774
2440614
3091170
2915759
18736565
23002388
1804192
4409573
1206860
41863219
48812478
1690100
1969584
3240461
3309485
35182110
9480383
30676608
2121386
1310358
1324216
1735314
1168534
1141373
1744753
32014659
2503924
3923264
1828988
1981088
3891415
4334640
4897609
2366618
2183778
23848233
1214016
2612671
3179086
3540850
1855047
3810001
1993662
4037567
1927408
4505443
4878703
1648680
2095484
1921891
7490366
4345500
1229260
34171886
30976382
33337697
1711540
1422030
9372744
2699665
3844199
34601221
1071958
27172463
4673917
12771858
29138196
40088676
43901316
2660498
3925492
2734137
3001116
3272031
2543261
3435288
4030734
4598634
53630605
4685952
7361652
40110982
1372612
2173338
9619700
4603095
29363237
2428378
2786436
2866956
4137982
3103790
1551978
36526405
1967064
3540072
4245159
2343697
2344642
1246856
1299317
2032574
3211051
2795069
3476608
3567625
3579343
5967854
4321564
9245702
34694697
4173629
45355482
4205837
28370278
2221202
2757557
33899488
4020332
4453907
42536980
3917459
3872432
5744078
2766193
3467011
3248879
3697279
1574388
4119182
2812842
3126863
6619101
3711335
1837664
24381504
1386280
1653791
43348391
1376332
3828423
4052936
4679052
17018600
4028510
50542895
3246366
1629197
3144455
3599228
3622568
43142773
48071275
1440928
2378571
45845786
1773640
1842331
2046994
2221810
3759057
42921761
4032078
14350026
3644200
33449468
4445767
1410351
33293950
35628526
1716168
37450150
3893753
2723631
2662526
3934392
1636017
2195640
2289813
4396111
40402817
3460602
42176354
27744042
1373401
2270385
4633371
2518168
2947270
2334758
3496717
1931367
3915724
1932831
26166836
27253555
30003559
45477435
2362639
1771820
34507138
1880048
1768324
4074506
2525418
3477314
2777049
3181868
1029499
2808348
2889138
1795484
2629297
28686952
3924265
4194709
2973017
2604146
1675600
2660172
2181553
2569354
2688290
1772844
2943300
1096946
3251340
48407208
34280251
1254105
2844257
3633583
2632103
4354933
38142603
1894328
27183373
2149019
2273771
2446526
1308027
3232781
3613125
2389288
4914033
1542260
2881180
3142087
4081966
2748498
2217432
3533879
2260075
47087536
4168053
1299278
2766408
1367974
2270392
3166953
3043684
4676910
1587325
2509312
3274052
1212569
2188516
33900942
2312629
2135304
3197612
1144647
4256003
4385564
27269706
12934324
1488094
1844383
1298613
2393972
1824001
2773850
3637725
2728567
2803165
3725903
2693942
4140186
2635609
2462250
1060832
4820574
1426199
2209524
2573574
3037698
4386423
2380577
2465228
2722568
46803073
2336160
4626799
1230747
19870195
2596080
3305293
3759688
2612412
37634935
4244520
2306602
2594656
2859087
3096582
3556579
4075216
2368968
36289660
29709585
1608223
1492560
1526322
3433594
3082401
4450125
22836309
49533042
35276164
4244047
2521606
44568117
1127206
1825896
3141577
2093334
2188146
2196384
2575380
3735810
3709375
47153899
2805630
3338820
20160658
3793368
1334610
3351732
3592470
3667318
4351834
3988212
1291972
1456687
2259910
3813018
2049115
2348572
3111928
3433654
1406146
1750557
1827132
2438409
2452530
2472441
3303828
8056080
30943536
34429482
3716520
3871305
2915368
4630233
5599173
4111912
34952964
33487660
4005693
4240695
2215627
2594824
3519124
38377791
6548356
7914382
2691072
4680672
4564564
2689500
2204277
4158760
3147697
1209288
1938942
2441256
2851554
2045817
1508761
3348279
1490262
2140191
46605049
1144599
33486528
32827936
26113755
1454601
1231447
2716701
2813877
45736333
3529038
2387263
2409631
2778129
46737654
3938854
1270777
3223771
4114260
1659471
1680277
3799737
4110147
3418315
3441388
23911938
28294425
43663822
1414537
48469941
1452505
3781168
1832115
1326994
2534043
2963226
3466852
3229671
2769424
3727501
3761989
2284338
3956536
4347811
11252479
2700138
2750859
1241592
3252153
2048115
3603195
3177046
1173844
30761109
4201840
1407381
1520262
30526210
1371441
42967612
1201969
1615584
2229958
3519212
2274799
2310126
3434274
3242374
2936924
31896015
2281730
3983978
48142620
2561497
1516730
3154839
1113085
1792191
3329662
4220503
2358874
38898827
33685836
1642125
40672528
41711815
2111862
2254808
2673233
1375786
1286949
3278675
3496553
3502298
3040912
3254959
1022466
3593740
11846066
36739166
1288842
49869656
39058771
2628836
1473807
45195088
3515080
4581560
4616086
1969826
1093648
1744674
2643067
3306868
4791806
1640817
2375352
4410505
2318153
2389803
3873783
4037124
2069065
2525693
1301877
1144048
1962589
2225317
3296528
2831521
2401667
3982196
4390590
4660404
34977528
2846867
1485470
1391237
28172596
3050953
3094966
3219028
4197454
2285366
4240513
2021403
2362549
1681586
2241345
3515288
2279181
2469297
2523699
2608317
4376657
1807091
2646902
3317490
2564470
3712800
2586958
3733041
3034519
16041889
3311210
4458981
41608924
3647588
38882311
1476446
2211049
2636681
43205080
2249876
2876666
3565031
33171702
2729506
16635820
25251566
40457616
30709434
42797495
44585546
41105925
3376448
2627392
4062350
3817714
24354188
14774575
4261250
28060831
1740431
39141711
39481137
40505610
2252132
43201092
1100093
1283067
1351377
2579986
1469157
1551015
1553211
1500037
1668838
4227668
1762401
1769982
2503098
32917144
3278955
3757320
38867249
1221781
1078397
1952151
2663835
1524154
3546426
1498628
1518299
1933231
1937908
36975747
1755767
44671092
2073742
1826612
1456848
2455234
2475493
2514196
4129785
2615008
2678372
2696663
2459961
2573217
3105325
2189778
3259491
3337570
3681555
1596222
1425112
1269675
2448301
4495514
28937725
43486908
3103594
3130369
2853602
2273562
1438501
3923154
36749976
3941247
3513554
4240730
4290582
1394281
2400994
1623592
4220591
2485585
1739566
1073394
3026876
4440613
3796628
3513871
23427736
3111003
2791251
1861839
2056947
3908442
2785316
27132445
4552045
1242289
2467276
37229748
2668324
2674816
26581178
50963937
29691566
1048891
10958875
4471755
34803566
29449890
4268248
2321545
38472200
47628162
3653591
1478140
3860188
34701207
1869934
2017847
2155436
4196319
2772056
2862313
1236019
1421830
1864932
1637929
2373807
2385429
3656726
3351048
3377145
42112850
3710757
1251733
4601553
2689165
9737460
2720173
2725024
3010792
37944369
4320088
40792962
41138766
1210487
29279620
38720083
1343466
1645067
1950849
1736945
2137056
1738991
1739126
34326796
2282856
3497756
4533920
4860767
13766234
3467163
33374610
39072107
36297525
1301649
1503729
1604538
1775806
2632873
37829297
2677275
3290232
1324508
3767778
1445315
3840366
2250038
2283575
4137826
4776205
10247923
26319574
2460999
45309988
3215361
32349892
44206885
4331730
3504027
48769617
1894664
1687427
3505386
2016206
4681134
2027459
30694063
32497080
14896068
33364576
43642002
1570494
4285289
1168360
1253779
8037551
1682170
48746295
1741525
51379695
1869892
15719114
17041064
1948249
1948384
2012248
2213061
1806504
3464407
34724795
8460946
3849970
36477417
39370244
38648334
41452278
49352199
4354536
27025947
42076011
1304075
1788394
1551128
2311087
1738283
3364234
1260684
26252441
1723077
4002332
4640472
3974066
2982204
2533115
2428751
3629600
1399748
3379553
3168611
1653182
1324589
1257933
2123198
1580095
1893189
4544698
4254908
9456480
3445627
2561471
3077861
1124779
1212393
3268534
1160612
4241040
47270881
2445409
3571718
2371910
3829094
1660558
1742400
4367843
1315717
2359009
3388505
4161637
47095985
2592067
36354468
1501342
2834213
1395517
2930272
2895367
2889692
27733083
48251127
2103991
1365155
1715251
1088225
1340420
1222282
2190158
2941364
27451922
2241711
4081581
1895185
3084800
8285895
36189192
2418266
2791355
3730791
39180315
2433790
24175515
1422257
43258638
25230291
3598532
4622795
4525003
39912982
1709065
11942107
27765061
39633829
4214646
51062686
50131382
7206452
4688007
3362045
2658659
1925907
3923430
33888180
41053374
4417145
43193792
2285854
1495869
1304416
2424397
2745503
3157231
24704691
3868637
2227341
2939415
38685283
43009669
45584608
39881615
33448036
4585720
1500312
2256912
43755422
47547641
1255819
2077129
1020902
1136090
45154161
1708946
1365222
46555152
2725730
3606802
3886432
4183312
25268630
1433477
1694442
3827414
4553995
4708519
4004160
37539091
2138069
52210584
39507310
2438087
1611045
2505203
2664077
3191090
2674743
3759179
3438798
4213151
4669865
3845415
23349689
28299074
1078048
23737848
45436595
39105273
46786782
1616585
1948160
1031325
1867600
2566046
2718089
2081392
2167836
1096475
37476465
40337555
44231958
1456113
9507744
12255372
2584538
34755856
1809720
4693976
3396399
2750317
3702912
4091019
23889350
1850449
44637305
3277255
46468979
38317863
44633848
47159530
46230069
41429617
33872757
2570703
2214236
2223494
2231531
2770493
47605522
46252774
2341177
3709345
3624889
20731874
22242455
14157444
15438690
17693610
23262816
4046935
37310166
3126676
50934543
1500756
1830519
2810178
47497697
4019379
2537173
4457376
2978407
2060756
3121192
13128690
30054888
3624297
3930665
44590587
5488653
43181635
44479226
45768322
1456584
1112589
1197354
1987940
2986254
3965328
2455115
2586920
2990597
2996789
3315011
4394861
4447235
4730819
51159663
1998131
3118643
2355925
40766738
44688680
43313056
40364733
2521166
2592008
3898461
16318197
2197917
53940842
2072016
1457274
1780245
35783664
1179369
36804496
40843379
1874220
4340079
1512831
32561421
41918088
42350958
6794389
14329162
28063741
2558840
37585477
14150046
2528333
40194768
41290656
40164940
2218580
1678988
3319355
3719859
4667778
23621633
2680700
39703454
40945814
47131326
2548559
47356425
4087661
33575288
26380343
51763643
3642670
4099282
3739362
4137630
37711457
4074779
3903650
38236377
30358810
39115272
45718110
1535053
4602026
28577202
41347695
1436156
1628155
42530649
4512593
48573879
1255748
2289675
1914785
2062880
3256461
2558180
3124025
3030520
5187300
43366449
3501293
4798778
28581455
3401380
16339180
3588293
19643361
39596098
1769952
3549527
14540237
3772590
48747923
28921998
30204507
35428182
4614137
26097851
2093397
3324636
1107251
31701321
1832189
2271950
2004658
3612323
38841422
36165526
1899269
4590526
10606976
47379897
3944036
4447196
3209543
53661881
4115875
2073327
3429988
2657718
1696570
2051017
1531397
3122988
18719446
46220074
2272247
2758259
3215681
51040110
3945212
4544186
1530754
1847320
2232906
1720245
9842509
2285236
4886358
13665696
2212901
52414437
38026031
1817035
52078880
2245270
3658096
3672084
2439670
2696515
4026857
38979187
49184464
53845984
1615848
1094092
2548237
7097117
3480111
6474646
41770616
22779097
4278963
29019471
4938185
7989008
2609980
3063187
2424702
2892669
30013343
3045720
33083399
1279371
45676559
1484547
4644925
1189388
3341445
3434859
1458503
1647101
1716416
1887347
2275439
4077159
11578342
20828113
15058239
4187747
4418279
32964363
4674800
34096227
1664665
43309950
2446165
3227845
1383458
2941217
47377341
2793498
1457614
42263621
48807908
4280298
46742154
1101705
1390868
2631676
1294053
1300767
3874376
3361327
1869447
3530275
2429202
3664189
2538645
3893833
2969598
3024549
44468882
3270951
4142760
1777514
5915497
1989572
3832115
15412999
4544604
3847028
49921244
12086955
52776473
1165173
1361633
1563934
1739218
44376335
45710663
1816006
2193703
2318560
4259338
1204980
2257005
12388561
49265523
1162392
2729100
1734017
27095127
1924220
1366185
48239740
1132034
48218011
40633220
2019903
2165745
2808648
3259536
5920180
4677228
3782345
47489702
2176414
2220292
2779439
7055844
2752630
1716855
3084111
3219249
4116465
3207292
3292363
3397027
1881593
37652634
47570666
27930410
47547344
23911616
4313550
4775007
24828819
3769144
1831728
3028523
1878735
49387739
3858822
41493818
1154598
6792998
1488522
29220032
1575177
2508331
3440708
3961529
3623266
2389986
2425260
29827643
2485734
2683029
2855874
1696531
2978595
3099807
2564663
3259356
3162083
3655113
4654708
3782168
4256847
3915422
4494381
48149551
13918364
49254157
31441398
34133911
1686559
30691772
28113469
3914132
1261647
1889707
40687709
2450827
1676185
36921154
46827503
3565519
2667486
50240826
34430809
1158997
33328200
45232773
4789134
31848257
1271427
1293569
2554356
4311083
29868311
1619557
2186229
2640461
4499207
1615257
2599317
1638299
4147648
3326312
9389434
9790333
47755658
48884903
45809173
28716359
4809753
2687625
48504999
30532081
1486990
2363758
4364016
2300984
3023420
4054814
3997873
1575516
28721072
34572340
1397901
36025570
2069250
1341410
2133457
3591290
5076504
30519914
1645979
3412457
3666529
4771654
17233097
3375492
3442113
4399208
1412680
42725314
45157760
25442681
4889275
2838886
1164095
1388535
43959121
4194689
1226428
1221219
2446801
4658621
43443427
1562630
1806037
12294180
16443602
2389252
2409028
2613992
3506171
1283661
1278896
1715728
2722960
11209410
20875843
42967609
2329727
31885281
4135033
3491891
1248723
2517666
2707272
1707499
1728244
1974613
2226106
2293780
32329646
42669399
3058174
43928742
33717950
3958369
4269022
42796634
44050055
3165463
2867713
1736103
1151372
23741398
2210690
3110010
2750504
34336801
2838725
4116996
4504521
4037234
4050686
46159328
15827278
1179711
1857138
3047794
3318702
3719262
2703514
4427371
3930729
1124771
4356019
26489218
46961290
4328307
49300693
3366080
1158311
1236137
1551440
3442162
27319363
1746910
3526872
2406962
2120225
2093237
1054908
2323388
45386562
38441695
39090720
2506798
4776006
1723022
2285876
4276201
2685269
4327609
1176234
8396657
3704452
3044391
6019834
38771189
35047320
3289260
3842090
30865890
2867888
41976461
3972475
45604265
37595623
2186822
2799857
2378829
14601701
23832841
4384843
2830162
45981497
6875541
2564540
3982943
2186445
2250453
2951535
3081095
16298922
1631782
1652614
1340297
1770190
1358501
2218492
2068479
1671758
24414957
2885080
3122917
3266824
2485148
2530430
2546330
4418794
4698553
2010324
3096701
1227006
1276962
6551737
3934058
4054409
4064183
4096874
4100549
1994230
3650388
4278244
4034016
48740005
5329979
4454115
3272713
26835632
13736310
28629362
22178130
32251311
37143719
37310001
3511696
39428997
1273453
1248340
1066668
2452537
1284564
1616483
2686306
2813084
3609442
2123634
2639754
1234077
45574681
6928691
1611825
45630206
1613878
44739848
28406717
1620408
44057893
2744934
2864030
36311259
2217671
39644812
1086603
4069870
1938649
2626856
2191913
3636142
4131708
3111548
3259370
13840143
3909494
4903358
24283754
47271222
26415269
1808008
7964208
1928113
2027170
2077003
1832433
4299975
2334298
2437603
2439118
2480629
53144318
2096816
1418349
2792149
3125245
3243934
1254075
1280996
1373858
4101949
2559759
15412063
32503137
4524437
4697111
40489803
26981488
1673189
1761883
46068681
4578952
1081410
37119433
17591701
47129633
1803855
1375602
41317366
1026146
3922692
1391282
1414949
22733703
2463851
2464772
51795397
3132214
1191576
38969303
4715758
3037708
2570883
42466814
4333968
2712797
1616347
2437473
4636274
2586264
41804836
3273570
45938613
2220828
2431149
2470326
3698593
3295457
41290031
47170436
37393209
3670344
3214893
2301811
22834625
4290169
2287895
34535411
1560982
2224340
2343043
2220606
2409436
2566854
4554801
4724074
13037869
15802195
34953091
1126836
1556480
1322793
1576632
1495871
1938642
32437820
2478745
2741551
2949709
2602878
38181832
16004369
1554582
42613925
2189617
47857445
2585890
2888807
1462217
1988075
44293839
1352320
47249175
1474493
2419868
45179700
2370666
4473889
41724378
2087386
2428453
2317194
2687176
1131487
37248945
33237381
2207096
2064129
44241367
3989984
1432945
2929418
2189023
2993285
46948035
2363149
2644658
34987151
34182726
44424664
44662223
4256530
2242712
2939729
11232200
25758983
3352685
3914245
4899706
3146097
28746678
44686717
4389261
2781959
2437593
4711331
4540263
18235014
4189586
2530345
2642182
46719966
3832810
4336660
18410846
1591959
2450412
2107114
2680306
4345886
9630904
47099408
1438345
2641443
43257002
2650115
3554637
3062458
33694602
38261085
45248251
49251343
1239270
2668578
41118362
1014082
2775084
16838015
37228220
4107369
4417097
4209953
2536210
4392393
4424806
13078234
1085882
27291687
44870473
2064233
48128359
2243204
2691602
1508568
4802269
4598785
42428325
1728968
1318579
4119380
34782354
2187649
1987729
18081032
4429820
1125594
46827953
2434641
2468433
30329196
1773082
2261932
43857990
3456986
2873860
2499370
3388334
2279669
2722067
2093677
3202586
47217423
2492139
4337803
2013140
1520841
41589884
1374707
2744900
42231253
2952732
43047505
1390789
1416796
3764036
1692385
2211126
1384351
2648446
2852383
2861496
1549424
2703053
1498420
2864406
31864779
4226164
3210230
33529037
17382040
4166245
4219673
2419645
4018298
1687689
46784722
2174251
3205251
2856516
3649231
2375314
2988125
28360239
1364769
1920796
4709357
4510243
4858253
6564313
4399509
2631300
1960966
2274031
1116566
4837348
1187354
1766367
29842099
1337453
2370529
2011779
2364998
2822709
3585446
2137606
3983505
4220478
4197142
4533788
4592744
35703098
2952598
11669014
1007971
3566198
34965093
33514625
4392790
1317279
1746631
2052646
1568297
1455753
1552350
15270403
4607186
1834092
1854201
4603295
1759804
3771149
2001519
2920348
2015406
2051223
22974673
2188428
49351429
1171250
1580231
2467046
40519946
44682710
33604129
46145789
3459603
4615831
2865656
2911844
3765120
3043226
4724298
3132491
1916161
4238347
4347874
12520882
4027194
28644642
34760397
3501449
16458128
26364434
2502441
2635857
4203501
7119993
27803012
43753670
1592398
2074432
2753781
37594079
3026433
3059137
25639974
36934356
1383722
41247201
1720086
1113664
1244302
2092912
33601514
2206633
2213491
41699135
43640903
2333431
36807597
3048697
36949284
3194368
38617296
2123441
3897490
11627678
1239610
45790802
39450668
1582013
2182491
40047272
2425557
3322231
1094927
37018831
1875173
3173880
34162663
3512823
3676953
4281240
4400556
27594133
4536855
4037230
2448347
5424372
4470248
3119686
3255868
44091570
4077976
43995066
3616199
8460892
13823104
17454911
42039502
35143277
1084781
34978917
3106198
4665593
36539302
26974545
30734243
44583603
36146400
1458265
28398305
3612205
3981930
39333068
2716078
3294988
2531907
2922921
3911202
3035146
32822441
2231380
2356822
4762631
33917877
37690951
3672479
33793937
1884016
2555938
3276328
3853798
2311295
4033543
2208879
4238278
3421791
14407778
12861310
36624181
1761461
4821722
1615657
1553856
2734365
2739806
3967456
37788335
1301171
11809177
37082992
4882851
42395474
34604661
2306386
42953400
4599136
2257886
1160049
43140523
2080544
4245870
13451376
32284194
2470839
2473074
2910864
1620574
3868040
1770907
2568499
2076978
2243109
2398968
2541975
21331603
4135526
39054852
4590075
40041747
46786752
42644353
42968685
3488495
41432970
34605768
3880301
39719331
1928774
12772651
1803758
1843661
1885484
40328049
1968664
1074589
4224870
3892144
11873724
21331533
1386865
33078219
33183390
37321881
7741730
1767868
14510938
24095867
41498766
1571701
11465003
42199251
4010152
4078385
3250172
1245861
2352802
2749306
1991784
1993656
2670411
2786787
3066975
1441178
3091959
3427401
3455706
3463059
3613110
1686821
3813498
3350032
3547996
2136938
15339673
2344196
2414327
3807604
6689952
5272777
1825058
2187941
23109750
23339136
47729327
25574907
25812867
3207931
1441484
1678747
3016466
30096675
32561363
31902069
2762728
3139390
3843518
35027748
2818174
35646132
2492093
35837283
35908809
1413469
1061734
2232073
15262616
36563507
1034161
24759446
16803779
39972705
1451923
4656107
1506667
3558395
1843420
1877248
4362524
15455411
3734948
1416827
4713424
9667973
32639587
4740719
42478926
42551853
13110697
42676104
35069828
2213983
4340830
1438874
2364556
2741621
37558858
42913701
3305468
2984010
3196642
31979588
1048447
25260772
4065062
1552633
4086201
4096946
4645915
2625163
4476106
5670721
1762954
1872383
2141150
2358704
7852476
4791716
3492055
4061449
34179966
17191165
1822972
42528015
33818326
3470367
43743821
1761204
1225006
3817444
29569870
2061646
3265838
3563172
3756456
2668660
3599306
19761674
7334919
29911089
4057498
4542628
16014160
30026036
32862410
39983727
37746211
1380741
1513583
2150628
2243151
1830905
1842635
2442226
2357909
1850634
2756906
2907123
4488083
3104571
4401266
47033902
2889775
37717702
1367245
4478979
2183278
3148271
2216068
2970380
2577308
3251954
2270272
2318344
1756199
4789005
45760505
36359484
2812807
2837245
1323087
2441804
4207660
4658345
14639293
16762144
22426792
37410891
37916912
37201090
38897761
1855731
2164623
42528943
2019257
2190885
2499900
3370280
15346223
1473064
31313867
4093845
2094034
2245771
43195554
32440920
2362555
2461594
2947762
4370703
3341365
26399531
3551215
1222212
3939649
13027817
4737722
1414753
1924618
2731717
21577851
3340367
4435360
47293883
1014746
1718856
1404278
2158547
17996548
41743606
2706824
2800595
3011557
3668925
4027373
4189630
4389062
7150436
3116259
1671762
2860318
15406158
13198756
2830479
27497276
1705464
29320025
1801750
2290903
16977708
2390041
2823463
3114067
2914512
39598115
47353260
40275335
4223245
2790696
4253119
47740536
1984413
42540782
22466419
43019768
1376775
2763219
43124366
34765465
40046100
1241316
46924850
40262656
1550666
2192030
2205017
45290188
2272778
2686461
4080213
3666611
3670667
4011995
1017153
1229239
1320921
4246679
4276043
2162497
2426143
3075861
4338941
4404740
4497653
3174736
4691651
4840040
14121531
4856948
7566656
4029661
9848024
43385682
16366070
3314385
4127964
17873207
22215429
4334197
3367929
30816924
27459326
4785643
31754738
5251873
32514380
32666129
32812955
6649744
10980844
14406544
11059281
2915325
1680573
28492705
1977072
2057844
2466318
38546321
38659382
2836608
39091427
2905512
3663633
4192176
35041201
40239299
40397351
37163899
1492722
38787322
41647709
41683532
37415841
41864879
42026036
39975517
1184595
40265374
42275264
40615495
42355484
40838821
4062657
4068234
41741845
2225981
1537335
2999640
4607564
4411674
42764290
42823000
42885769
42964792
1634827
1053387
42754412
26593709
3327808
40980504
34271624
3798394
1638774
22431613
25872991
3228224
37226933
45279070
37465164
45466933
45350232
1205018
1430882
1158063
2168467
1337355
1501296
3149659
3367201
1899153
3920857
4696384
13717219
1548317
31276721
3765456
2842697
3861321
4803909
37438049
2777454
1863803
4392439
2443717
49472128
2288488
1643326
3727755
2183741
32320170
2167638
2745948
1826152
1860490
3262320
2285525
1541463
1721550
1931556
3566218
2721012
1910374
2681696
3343696
2717093
4021891
19348114
3700793
44088941
1763379
1227496
1867766
39247807
2230045
2872009
2422139
2523842
2212216
39117262
4287838
2438106
2983118
2802784
3539204
3904570
2564817
1507614
1261819
1315803
1295206
1418136
1576984
1605019
2163231
3207309
37432832
9630990
33335178
3516739
31352514
4502519
26730077
38889452
3305265
1633730
2362335
6530782
22546670
1155945
2298632
1586094
4251338
1838670
3522490
1184769
1455931
2767982
1331862
4455748
49075505
1669831
1833046
3034027
3220372
3251029
14577833
45304260
4704931
1401720
10661950
1697115
37631218
40095548
29215385
36043423
1649291
41716573
42787765
2633769
15827995
15463154
3921715
1200960
1344519
34875952
2522174
1722294
2571633
3672007
4043516
3146718
15584681
25648646
3700353
4602876
14152764
13104202
17997171
18249598
33790818
2858714
2764900
31730717
3609970
45980595
1074161
2958730
4276255
37114234
2658803
1075402
2759795
3467097
1773051
3379564
52385319
4132007
4706932
29890853
37580330
2648000
2672546
27918901
27934616
33780103
1114699
2381482
4823979
41894972
50552919
28974314
1290953
4620627
2359283
3445946
1012162
1144914
23562966
3806493
3511296
11749544
27922885
31052299
2121592
2423269
48518916
1550314
3900578
1936444
1947334
4641585
2448413
3833423
37839172
1761231
4723061
1332940
1720692
4358098
39208794
36452227
43795646
46490945
42431301
1335606
1505583
2620567
2717764
3980090
3380524
3233725
2999990
2434805
3813399
2118271
1887230
9081606
2150123
2165857
4874177
1407439
38689299
2118569
41856030
1550812
3150781
42613711
1537246
44884326
39569982
2364272
1646222
1999055
2183792
2893586
17480503
3242989
41779545
4766858
38675395
40363535
2303260
1418009
3238772
1078497
4692041
21437897
2204698
4293520
2290293
4502227
1237748
1250501
3850686
1413035
4366488
1322383
1346089
5354934
1361614
1446502
1752020
1763168
1787162
1671826
2017541
2184977
1896589
2037343
2750048
2754890
1435737
1535331
4298035
2366712
1067539
4484336
4564802
1818217
3133407
2634853
4620834
14516331
37162268
1045947
48131153
2431878
2778486
3944573
1329526
2771233
4425825
27789630
2263852
36701392
1204229
1430608
1815386
2035744
2068306
2213065
2275072
2360044
2574556
48405752
46040838
7633201
1835252
1918883
3184100
3415496
3571493
1221999
47768737
3496989
41213634
20680769
1220485
4790872
46910921
2479210
2064819
2050738
34700947
1787092
33982496
3755757
3793467
1183912
4404204
16527990
1214366
34596441
36598728
36732921
12351592
39428184
1859023
1293503
1337094
1552254
2879346
1069021
2251142
2440574
1641436
39104122
48496723
48817563
1458510
2287316
20707796
36926919
43497649
34182479
1443703
40726232
1783473
4185190
3573254
2088693
53484154
1046803
1388485
1487146
2448255
2316106
3339398
3260317
3811143
45823900
1780375
1709992
2434766
2457693
1441024
1904854
1709361
1913869
2133064
2423257
2642565
1244957
2888785
1417601
3532227
13849554
1969338
2433992
21133602
42379167
3574529
6586099
1153173
4113863
1985637
2218479
51330277
2888922
2914677
49229233
3884340
43170196
2211258
47491093
44351480
27553102
1492395
2275201
4327621
48728834
7666464
2831530
1490235
4122922
3456156
1172868
4489476
3192460
6003001
28219489
23867673
40697382
2005547
2933858
53585532
2365366
3413987
52008303
54069342
13719443
14041550
1094613
23698177
2267218
55853225
2529605
18739991
3383500
29004352
2203347
2218337
1181979
3047552
1194084
3992339
4062236
41010009
41024134
2334529
2576479
48219712
42495021
2069778
49298152
42892505
2023839
1292270
1656380
4336255
1059315
1074486
1119075
2134576
3294275
35907070
1580127
1967337
2326264
46256261
2298252
2047748
3340347
1825064
3572573
4465884
1848337
13550173
3982355
37783364
35657968
13964087
2323443
7913629
2520650
2451844
3946535
30827258
1343479
1743939
1576306
2223690
2785623
48727478
1574871
1680285
1594226
4107198
2039479
2155720
8056484
2384131
2598610
33796583
1764984
2680195
1066191
44589998
4119732
3290635
1784138
1087358
2890173
32369390
32034232
1075303
2878775
3243838
9358800
2168118
3957034
1530500
1912520
44838574
1590912
2345573
1460488
4287247
1236072
32612434
1986057
17678534
3423010
1939340
4104477
1168556
2347766
1071844
1297024
2168610
1316386
42641639
3087585
2147288
2699600
3285014
6410804
39267020
1349301
2551520
1730820
3864382
1485445
4907152
1169820
16617467
3369892
1164167
2346897
2375763
2828148
12659503
2900640
3110313
3149166
4866071
2062316
1528169
3320708
36009097
3684035
2670442
4652364
1432900
3073834
4405552
2410689
2215174
2528508
2329171
2888359
3052335
37913806
25702554
1638344
12882481
3942098
1568895
1567588
4479326
1390584
1759872
1887790
2216371
2247204
49654211
2682769
1605182
3225340
2849453
3009758
1455526
8451809
1224508
35917579
1077405
2590895
53303744
1078081
45498254
2732552
36830178
1316173
1081442
1410158
1542085
1639709
2595061
2787078
3190456
3981391
4540720
3985475
4577329
15551518
27294676
2208484
2755685
2821460
2071767
2864604
1094819
16143769
1576655
2049782
38526976
2730269
2847632
44510845
2923361
28047924
1292605
3061631
3140468
3318557
3991172
3909691
2439073
25338572
1412473
29861897
3039203
2384959
7333048
1443963
2693907
3179787
1038443
4608486
4689679
2558937
3604018
3433420
3287992
3016516
2163927
1625558
4096573
2655671
4078747
3133498
46492461
3629390
2109865
2198944
9909546
2414626
19911861
4169694
2074532
3183460
1131125
1558316
1269988
2725190
46637706
3137678
4248123
4788054
1049767
4520684
30744141
4850222
33182748
1975297
2046154
2268448
1773611
2324291
2658328
3298709
2597388
3181684
3206508
3604385
1219210
2699313
1412869
4278594
1398218
4702974
3538833
2980918
48477804
34976091
3059265
1905201
2945752
14466055
2231252
2396969
2731118
2056579
2634137
1000528
1383946
4311439
1890736
3633764
6564012
4239799
1183753
2075283
1233113
44375712
1248993
49095794
1458483
1458034
1576621
2636357
2180722
1388192
2571536
3721769
29946419
2118185
3424697
3490625
16717736
38711861
10451397
42516469
4500337
3279004
53837792
33664783
40907536
2956949
4284677
1433980
21325874
35996099
44304776
2599717
23183848
35986841
1250752
36433489
4515287
2042412
4420200
2805319
1289212
4220346
47654699
1345782
3411855
4347268
2083242
2095560
30019711
4201443
38988556
46782542
2198760
2489581
4355531
8707550
26771630
1155138
4308525
2661932
3930263
1677784
46753464
4459676
2236675
4708140
25535191
1770349
2622761
1313017
3415022
1332357
2878119
4146278
29917382
1428027
2376356
2521064
1313035
3826548
11937927
8503405
2731048
1011520
2298826
4524560
3327978
3841956
1052929
2820541
3371659
1732627
2116078
1666062
2227344
3858245
2304079
2419414
2971764
16030224
30995063
41526570
49197128
44253420
46137231
46698222
3009607
49002693
2984604
2577818
28207204
44283876
10196451
3754665
5657561
2905189
13303347
25872810
43018544
45645620
2051852
42853395
1248971
1390342
3313554
1291304
3371542
2447102
1066311
2349548
2891830
2029217
4240432
39233411
3508077
4217542
4634601
1528070
2398931
2060605
2304212
2695734
11639271
11959645
1203637
25969203
10265600
40884846
41369529
3098660
1328959
1126577
1036639
1791743
2181610
4153798
4801393
1501223
1077912
1245065
1027484
1438384
2237250
2271702
3247893
3606480
3951006
4036578
32639706
17859694
41595633
40504859
4040818
4287498
4372923
2764516
4478415
1312231
1575134
42717277
2538047
4526603
29193782
44231402
3387603
4917760
4493934
1386368
1659985
3325818
1893070
3805707
2258887
2532868
3611875
3659362
1292438
2206211
5608209
5782440
32700686
3459151
48660651
2814608
2582548
3134320
53523051
2062814
2304788
2781774
4522647
42197089
1158316
4504619
1225600
43836557
4043687
47484567
4848679
46068641
16970913
42044879
1045295
1207796
1567741
43873203
1508131
1909996
2138971
50192085
3211306
37667341
1167569
1387568
4237926
54282634
16125333
1199488
2350661
1734775
2201596
2743636
4046421
38222595
34460959
35538604
37845010
39486616
41581570
43494044
46827643
52343123
1233339
1176785
2296125
3139539
1775735
2130221
28162996
41147665
3980411
4643273
47769436
9308567
10268242
42629726
1488985
46925972
2092642
3601377
2277955
3601416
3207294
3316933
3517132
48334262
37044537
1321548
1225649
1362231
4200454
1466436
4643521
47031119
27142981
3740271
45683929
46828108
40809831
37630401
1129776
1972716
2458078
2138862
2885602
2628195
2672748
10225373
3113100
30934649
36590249
43611001
4721448
12350832
3463587
2907829
4670685
2958138
1306242
43649269
4463979
4120633
43653327
3001528
3757832
6922410
1884704
1187365
16833899
1616091
4314698
2208786
4302292
3013787
24363469
2658486
3804605
3174882
3885273
1339942
1882972
4046013
4067325
4281609
3339931
4324794
4670514
16463367
3220477
4367833
38239212
49521744
27904779
26694498
43626264
1740239
33753807
4570228
1439909
26082412
4197842
1599804
44639822
45021404
3639864
39943132
2345105
34750709
1323898
3673329
10348986
2168549
2368778
37440765
1996349
2012813
41112801
27189652
3890189
2459058
27343393
4091067
28463648
29286473
34692479
3787282
1312800
2259403
3803932
25516618
4036197
39673878
4675196
36807517
40388334
1751689
41999457
1288078
28212376
3117395
3711389
3844001
22264571
1489426
1077181
13169050
12337451
27769880
4269207
1346533
1130100
2914843
2523720
1813422
4413942
2250289
48703821
3668934
1138679
47152041
2570522
47268453
12476408
35000322
2988100
3443965
3796887
44141943
2679413
1349707
5812223
4361966
3946820
3588565
1409127
42285538
1434991
3436748
2203977
4351796
2802405
3926097
1983002
3991602
3762755
16395966
29830320
54032872
1668292
3608449
41119068
48220365
1802324
31635476
2473371
36852939
2748214
46342321
3179868
4804063
21481172
2003127
4606582
2719317
4706250
2566213
27366910
2845864
3877278
3054823
2081123
2751745
1695441
1504855
7311974
2710077
46881200
50995963
1702380
45345440
46165679
7803864
2658089
1171118
1569522
41006021
29043456
3531968
2372524
1537902
1965882
11544811
40637815
28340744
2437812
42141336
37553318
2289552
2997465
39668654
3874959
41047445
6769611
4046722
28159437
35173314
2546102
35779227
1801648
38073911
52243093
2810504
50836789
31222712
4555308
1052146
46208282
1798821
2118807
3730665
3010157
1582053
2243352
39209141
2359699
4443016
54454049
38928195
1401684
1567911
32510392
1699074
2457331
26537251
2523588
42755923
2648438
2380750
2826135
14939647
3422934
47239230
42280306
26453009
44555542
45580192
4693209
3113748
1364283
1456751
4525866
4404137
48984940
3791039
2573305
3280363
39046666
3731473
47680322
4801022
3970914
4142115
42620903
30443484
2801539
4043861
3381023
23627308
3418290
31318235
3557042
47594108
1209341
47393106
26314032
1907485
4881266
5138216
3623734
35308634
23616255
3466087
38637279
1095804
1717995
2774336
1675699
1859448
2075464
3102108
48554441
31570163
41937330
43176322
3055870
4139576
4066099
4514753
42966806
31740361
2513660
34983330
45797404
45926035
28306868
34661393
32917159
42033086
3931533
3183788
4381398
1404505
3363689
2354194
28567332
2295868
31962201
52331663
3262594
44540628
3779932
1143731
2650181
41038171
47094141
1729891
2783309
49977621
4161806
2699888
35647856
4687301
13743269
40076274
47408142
34555115
2299483
52932732
41296544
45345923
2278014
3843201
3647822
4588435
1816619
1159857
4384016
1163127
9499412
2069127
22761542
3445869
25339857
45094486
50155345
1090748
50921440
2730361
4217827
2907243
44662429
3735465
48057658
2763215
2818703
2342217
43710131
32601901
37991414
2081439
2215026
2511624
2538861
2865052
3428979
4202475
2903254
1473546
2328367
1569378
3718304
2766691
3705454
39110239
47001505
24354471
36104301
1774890
2271978
3997555
2538078
42134431
46779004
4165950
47805361
1348396
4562888
47756594
2113177
2717083
3299064
3538380
4300494
4219768
3723989
48558559
3176164
36590738
3121831
6104788
55397201
2352530
1365936
1431573
5299318
41525615
4811872
2327688
1367585
1837379
2572785
2188031
2369297
13087670
29399636
35346718
2606738
3980696
33307328
3044138
4062195
1570713
1245329
1648446
1995247
2766011
8892970
2779691
3126089
39073606
3180749
3280811
4571321
4628108
4719031
5753648
9453068
2195233
24820670
1972185
2786851
33923717
46170055
2021340
4478932
1690333
2387275
35717250
1878138
8203561
2855571
44466040
19645878
50612270
1738735
2714330
2307016
50001218
2518531
33544485
3783199
1488057
4123651
48383888
1304923
32975037
1582861
3433822
4792414
32785254
44698823
3472179
47608440
2287401
4021768
3901887
4276143
28336148
4708552
40235459
30877376
2546832
3916698
3457433
29504777
1295912
2152313
1168006
3056677
4197786
3495506
13286879
3227318
4339404
1857031
42491784
25889558
2231194
2239060
2511897
23365073
1225521
3544222
50108507
1221089
2926739
3997612
4537850
1041841
2426139
16987713
2192581
3554813
2975662
3071426
3219187
1580746
28992650
2140159
2911442
4535315
4138324
4723581
34528196
4693820
29076161
2232364
2704003
3327174
2497181
2922077
4585854
3289304
10949622
4083785
34006362
1653162
4490552
2025798
1396627
11876111
1090979
2974192
4396295
4771856
2833072
9571002
34052100
39967705
1344455
1473146
1728098
47170150
3422617
3292723
3811600
4061988
3216422
3259619
3346631
31143126
1338568
1636417
3721055
42879916
4044461
4172152
4101935
1119573
6637424
2114152
3340892
33969632
43466119
1319489
1634348
38711553
1634029
3885465
2765270
3079396
42301976
4131429
4689910
3252164
42848947
1773780
34896192
4016597
49998592
53456206
21212105
2994753
2848141
2777598
4438063
3054241
18394996
2441871
45652241
3968541
1439511
2572949
3403917
2686313
36906532
2490061
3010321
3787076
36051474
4197551
42690908
42367846
45668943
12891936
2221979
39041108
2439820
3884667
35524892
12140892
41926248
33529456
3826100
35706497
2560079
