43793218
1482789
1196551
54003234
2631178
1555433
2867971
1526861
3535969
2659607
1137591
4327107
46863736
44031685
1216547
20984440
2267537
2404538
2320428
1080296
1588527
1046735
1077965
21383363
1180010
1666453
4116525
1337589
26026284
1773949
3322901
44534815
1663367
1080143
2245484
2396146
1097551
2242548
1101594
2344259
1450975
1014769
1408251
1001560
1919490
3373848
1070476
4246770
4517948
2618313
1363814
1628272
10933920
2827950
3562243
3526611
3903079
1273746
4288743
2355899
2424963
2535313
1287698
2178614
1632966
1755725
3045666
1581990
1025061
1292376
1948341
2293828
1241927
1854959
1386103
1853332
1262808
2659386
1205834
1071127
1106091
2369406
1345681
1641711
1736189
1645921
1079441
2110893
1002211
1010129
1642488
1255282
1680359
1000001
1112942
1000212
31374240
3137212
1332408
1019357
24923134
46775144
2802190
1256264
2534019
1035632
3878167
3622436
40774605
2997919
32747550
1807702
2221343
1484131
2733209
4609421
25330515
1033322
3791987
2268560
1299851
1053699
10686358
1510729
1401536
2304999
1225206
1128221
2709321
1194849
1802903
2057149
2737255
1952046
1105677
1019159
3350505
33584401
1304466
1067436
1312841
1220327
1110918
1504628
1997615
1846370
1072076
1403825
1094936
2207946
2309327
1059078
1387808
1779074
1555593
1518437
1435883
1817071
3697961
2435477
4521190
51861591
2471595
3161739
1179639
3234533
2558376
35969682
16595397
1372533
4015739
1116022
1839908
2544919
4279551
1713463
2590596
2280967
1377903
6397193
4084854
3116480
1167129
1897158
3843573
3306863
1438231
1153201
1552639
1388929
2165409
2305330
4094578
1802523
1640796
2209036
4059704
2361418
2147035
1081156
1892397
1807279
1362709
1386600
1226329
1113905
2159827
2905127
3174623
2160960
2806821
2447061
2320188
1179239
1049207
1096000
1627369
1248690
2152769
1419678
3360776
1552743
1382495
1826240
1167148
46555103
2223062
1096606
1786969
3610020
2515574
1268378
1391068
1398240
3295152
2311059
1545097
1162481
2176462
4556698
2526779
1559624
1435564
1135293
2956117
1076301
1629021
3425600
2288827
1332949
1000127
2478532
1267497
2519392
2017852
1973137
1260092
3168962
1295530
34793172
3695206
3500798
1618606
2083434
2436009
34883708
1306276
1519896
2974634
2541536
35743933
2740107
3010439
1554867
1385951
3168840
1701723
4838892
1203701
2854938
1007826
1271766
1945289
1538541
1566053
2033797
1952433
1824107
1297357
3994888
2303624
11912349
1639918
1090514
3881525
1696441
3935313
2709528
1603505
1325026
1975271
1985566
2035514
4280225
1110803
2946871
2267243
1600061
2120477
1513895
2080178
1150542
1848478
2800034
1277312
1314771
1133589
1371662
1273366
3187090
2846033
1236291
1165847
1378560
28878608
1354395
1296124
3926576
1864774
2791012
3924372
2908152
4715643
2513296
3867869
1102543
2439867
1612472
2352170
1257988
36387117
1021606
2339233
40431914
3372814
33327131
1786901
3417731
2326620
1743108
3051152
3140200
1199590
1588635
2531929
48771999
13830228
39775849
2085730
1042707
1215833
4101127
13013562
2089965
3250541
3958922
2914953
3080079
2231422
1227186
2799381
2128871
3155283
12465226
1079470
1485984
1225104
4073793
4023780
48880025
2104583
2402143
2846453
4301531
2915848
1472817
1150178
1621721
4160048
3417163
27907128
3496380
2440943
2173817
1090400
3985244
3239705
8210057
2983585
2988596
3120396
2198186
2528858
1060404
1233826
1128102
4814588
50912100
2550100
2062264
1094556
2166653
3177004
36384267
1901224
1000410
32815244
2238599
3480299
4809681
3121296
2826991
1057784
1127293
2279829
2868276
2729178
1827916
2544470
1158288
4867180
32163877
2837049
40210479
1150428
2132818
3645515
2255137
3048462
1397711
2743940
2334378
2664082
1712293
1224240
1234036
2618698
2837833
1505756
1450729
1314702
1090308
2054236
1331775
1321574
1100860
2003277
2262409
1987990
1581121
2521825
1974102
2976227
2096374
51474251
2142308
2312793
13633991
2677307
1283215
1208334
3993894
1760689
3130443
36220253
2468706
2172648
2301865
1369520
1505754
1961786
1153222
3370626
1132662
46487315
2607253
3051549
1063740
2325776
2405343
1541654
26626774
1749045
1659209
56208856
3406581
4687456
1567805
51545058
4316720
29468597
39399107
1671100
1373750
6227698
1049525
1539280
2349513
2035162
48671176
49657694
49419594
44848559
2151484
2876121
1664707
1594077
1211202
2110701
2749072
1292392
2430005
2525012
2138741
1144061
1393561
1005696
30915892
1297455
1471175
2637482
1001378
48832794
45342989
1001021
1305935
51349943
18082005
1091438
3459329
3013816
2729359
3345606
4109019
2098086
2256660
3642108
1230275
1020360
24209789
3518457
1074194
3116717
1412102
2972163
17289918
1914214
48818296
3541809
46240755
4724020
2290548
3093549
2237019
1201778
1624285
1944830
1005691
4732605
6284399
1510770
1254355
4354425
4421442
1479013
1293814
1010394
2582177
2708041
3859391
1436286
2832281
31542820
1232374
21901554
1504057
3993644
2613778
3775953
2906136
2869373
2325577
2659792
2876636
2685507
1759525
2684981
1889736
4226859
2515075
1626300
1203328
1205317
1385980
46835989
37849326
3215032
3955110
2024660
3995080
23344187
2007200
1379431
2037426
1768477
48629088
18078608
2966279
1881299
1715091
3236127
3352173
1416960
1931300
2077755
48136678
34945159
2212922
41305289
2307479
3287707
43987242
1577771
1170224
3160796
2673253
2461774
32454788
42443530
22902633
2807940
1528160
4299204
1421406
4292056
3429726
1523253
3599841
2739355
1453437
1252293
1655389
3632817
1372195
1373575
1511920
1984696
2049129
2646633
2854893
2860460
3769059
1716116
1875512
2699480
1289547
2240675
1404553
48400561
1210108
4206449
1482429
2111816
4053990
10898449
1593908
2118480
3767638
3315814
1347077
3728217
4250428
1004978
1317648
4455746
1078696
1895057
2182756
2668020
2243815
2554791
3676187
19155982
2379345
1279588
4703575
4128874
1165989
2096610
2229626
2235157
2044406
3379680
1550861
1373244
1989380
2545565
1001960
3073857
2506539
1381221
1061333
2680241
1534343
1335818
1514809
1103499
2075108
1161876
1028701
2141935
1894388
2521945
1298748
1487785
1333699
1021399
1468658
1066113
1157975
1244917
1202023
3770613
1241075
1522238
3461680
3710527
1130143
1934816
3038000
1518259
2089883
3950459
1268454
1681143
1705495
2705746
2120722
46081803
1753862
1194575
2388385
1115964
1303330
3052407
1032418
35014801
45191518
34478385
1177703
1109212
1059213
2823830
1422197
1094344
3967074
1308327
1285819
1093226
1398913
1736964
1068205
22918200
1147572
1132973
1087963
2219337
1001434
2518284
2151749
1105463
1048872
1001000
1017276
1000508
30515924
1818261
2262440
2768499
2377748
3835631
2841069
2845518
1811960
1131457
9119015
3113530
1066309
1300988
2235067
1452353
1073999
3984534
33514863
3677325
3065569
3957110
1591178
1512823
1265340
2783455
2121431
27194533
2011446
1123112
1468427
2814416
1046278
1024479
33523430
1087268
1033641
1616108
1084948
2933850
2606262
46466007
2336392
1965929
2565595
1254321
1230479
2296303
17035031
1790742
43567089
3351656
1874926
1272788
28288698
1528892
3816917
1508666
2409635
1041435
1182147
15021390
2393516
1058788
2503421
1199897
4003582
14264647
2646506
2124327
1960977
4099931
3046083
4193285
2122663
2530981
1472767
1019679
37552057
1993003
34297199
48484295
1107003
6578125
1133168
3382274
2232374
1440152
1128314
1072392
2688986
3559409
2197869
1768058
1272502
1212679
3644185
3392291
2706888
2980212
2169808
21362862
1310232
1115528
1382964
1616560
48390810
4308269
2708414
1911237
1612918
1596273
43696588
2007815
14950312
44367038
1982322
4686993
1389386
46497030
2309228
1495481
1619671
45368333
7314621
1388013
1050661
3223303
2139716
1741371
29238547
2339897
3051687
2243476
2511930
2588174
1766992
1196801
11610289
3285366
1954358
3301686
2806320
1771520
1580556
1524768
2311423
2908912
1435928
1286026
2756048
1149203
1421428
1483698
1295331
3157236
2890304
1948527
1046715
2860952
1117640
1180763
1122349
1090916
1835211
1961060
1491095
1408291
1230884
1363571
2083974
1115546
2878646
3465419
1015631
37218085
10127716
3336705
1744277
3041686
1117454
14538588
2624572
1535585
36101885
41350546
51771089
1998052
3550814
2179204
52975244
3877752
2976730
9931591
21891349
2405857
39799424
2195632
27466147
2913722
3408564
44599385
1856317
1251928
34161729
4483400
7572103
3094255
35633514
1220652
4732655
3308373
4299560
2104794
2471235
2014633
1426965
1984058
2398980
1395233
1086983
33592943
1371306
3248189
2887092
1069654
1828063
17068525
3690038
1079160
4507728
31830233
1126291
18123569
1113069
2136032
1461973
1392601
2741521
3633421
4658588
2725786
40603218
7054700
1597829
2953365
13660246
1933693
1312146
2636442
2435086
2528667
3495185
2390148
2923040
1999864
26710483
3858057
1972659
4096638
2152074
1536221
1117138
1259084
1573865
35308097
3886805
35361581
3922191
36201743
2565474
1054738
2383159
2045651
1604609
2543413
1288614
2675330
1941911
1315857
2373204
1106769
43575863
1013791
2235860
1567798
1553487
1445457
2270017
1679824
2245640
2230081
1618297
1691564
1761683
1721997
35671060
1411688
1405344
1841349
1077214
2382980
42936446
1246104
3810473
3699885
2039692
3138732
1001559
1285367
1207016
1037347
1059429
1266714
1059524
1518518
3124666
1004291
44259748
3250501
45040663
1300854
1140102
2244449
1754942
1992074
2560880
1476157
3413926
2998638
1140984
1063695
1000332
1018680
1273947
27249641
1137408
2757002
1342586
1677870
3365276
2858149
1125834
6163340
2230393
32327098
3720100
1179628
2683237
2959888
27600122
23291719
1135929
44446190
1045244
13894663
46150219
1427414
1178727
3074687
1253106
1872561
39131019
3722201
1380996
50557124
2365489
3810211
1042616
41795166
4445346
1331092
3717274
3963702
2344509
1909698
2690725
1037279
3278445
3806114
1293240
2365847
3575613
39023685
9783296
2757172
1974889
3714976
2485730
2271536
1475920
3060905
4059531
1122408
1177542
37252857
2954266
2791107
1389783
2474975
3400315
4737662
4479411
4362542
1257156
1000409
4613996
1406060
2211031
1356839
2721978
2100119
1264340
3314802
4706525
4266036
2763019
2042010
2004411
2544982
2520810
1978865
1922748
1920112
1893727
1779555
1628792
15144688
1343934
2451672
2293424
2133129
1301150
1300457
1172108
2164260
6781489
3797634
1225321
1255715
1228375
1137416
1617965
3692693
1187725
1066941
1837780
1583998
1443149
1403489
1403609
1350568
1229421
1189026
3068912
3332175
1145188
1407788
1161517
1108301
1366149
1379702
1363479
1281192
1276156
1569043
2267964
1234421
1014820
2207404
4109647
1260499
4130647
2380458
3445978
2881920
1003740
3658971
3317729
3201006
3189301
3168210
2973461
2868985
2864353
2778828
2710864
2672385
2562876
2559609
2442559
2223164
2015724
1836614
1960408
1597655
1743291
1515211
3910988
1166776
1356938
1789210
1136520
1888067
1143033
2415015
1170313
1594475
3776630
1519249
1355829
1087881
3182925
2507516
2070870
2067689
1176455
1019100
2782275
1189966
1159968
2231399
2610888
2149476
1681876
1482240
1094926
1855806
1157160
1945338
2920504
1006059
1119964
1709026
1552285
1439629
1174776
1367128
2931471
1035182
2677226
1139584
1449034
2042474
1002246
2463183
2534938
2035630
1090165
2219470
2591488
2188530
1751103
1725876
1603257
1510168
1242476
1154749
1001685
2755736
1024491
1378905
2366846
1184101
1348583
2870869
1241578
1617690
1483633
1572711
2042670
2049743
2381736
2456197
2627083
2740045
2126804
2101588
1878033
1613504
1548053
1349016
1296066
1163936
1113171
1011966
1045733
1348926
1082043
1429442
2620147
1420085
1536292
2329094
1024587
1301318
1459150
1338971
2429456
1274432
2238213
1000208
1197281
1965354
1464581
2293383
1108113
1267847
1478252
1192232
2013889
1668065
1657690
1185184
1093356
1682834
1219298
1602127
1311340
2370739
1378748
1330099
1018221
1771103
1922627
2445505
1072216
1337621
1130864
1050022
1753513
1888200
1711805
1546110
1000476
1206026
2393605
2192349
1081395
1120043
1299569
1144927
1597815
1807570
1009411
1164443
1026604
1002602
1027082
1411184
1000226
3467054
4450403
1242286
3845013
5802543
1103425
44283127
3094907
1211655
2150587
52340973
2830072
2531279
37139681
41474049
3255176
26222954
48900717
1819770
3143089
1812874
14698501
1969320
53271119
4253353
1886283
3616238
1367619
4617873
45673721
2406866
3688746
41132361
1248279
1872754
47790144
10944393
1185428
47675585
52009773
42603242
1008049
3962785
2522866
44315411
1273708
1167707
1001273
1033751
4018344
4536090
1141512
1299702
1393305
1868996
1884974
1930338
2229021
3117893
3311545
3887067
4312092
4850231
7938017
28499240
34266956
35108216
40768120
44998728
49062430
54326353
2026462
2083429
2014407
38003252
39786004
41274457
49785435
2100578
2140285
37619344
44522699
1106747
2662873
1400847
1435949
2249775
26110619
33329769
45105220
13786211
28751952
50853175
1513052
1562760
1674854
1823063
2217409
3004665
3113091
3196037
3857532
4241046
15390639
15475667
50196706
1830704
2817718
3213245
46883675
1204926
1383575
2744801
39593885
48321261
2736320
52185056
1089633
1462650
3668294
3744332
8446408
9016091
45243326
48941075
1321067
1756391
50089922
1179952
1438004
1827789
1865551
2065373
2103272
2531213
3081643
3250803
1296458
1121451
35801185
2846023
45086354
1039321
42733328
1116255
1588617
1035702
1083310
1469048
1596765
1846376
30009339
1000061
1003245
39163148
2543238
2587268
3308928
3472272
3559619
3678081
3846307
3866918
4099595
4307858
4405480
7999622
33976042
37654514
45834714
1192533
1194603
1222635
1242269
1282278
1296207
1306755
1672075
1820484
1898375
1911105
2117182
2117515
2486525
2667724
1009934
1043248
1060090
1162369
1131046
1233849
1926277
3669599
23400813
1000269
1034730
1040344
1237738
1286312
1908610
2127222
2137684
2189850
4640504
11636197
1093349
1127796
1201619
1359768
1477018
1610883
1737678
2067892
2467769
38469446
1075895
1535446
1676639
1760459
2122644
39315194
42305436
2173109
2234372
2293876
4454828
1069754
1337803
1409414
1428319
2494353
2581978
2862871
3076785
1087032
1094135
1948504
3162109
4230698
4430200
4570047
4595389
41347947
2373876
2390586
2582608
2632957
2689470
3020391
3216447
3268100
3558863
3769153
4093529
1301925
1322256
1502959
1799915
1801241
1897515
1965453
2022252
2055458
2102732
2192802
2313312
1134460
1190329
1006180
9623161
1204917
1665655
1053455
1347987
1552644
1155670
1490088
3712429
2738204
39460071
36391556
1173489
1695177
3559655
1514174
2284714
1234555
1143538
3325256
1112121
1768203
4405305
2622906
1055688
3004189
3166570
1069999
1387118
1220701
4099629
35530931
1331318
1022459
4017162
27544513
2262435
2100643
1723626
21059832
2490193
1896147
2499863
1415993
1360856
1220872
3455951
2784125
2233306
1334901
2731323
1170003
4127145
1457319
3939996
4364963
1783827
2728404
2492135
52639649
1395668
1372603
1140216
33971910
1180489
23797270
36358901
4746594
3411593
2834362
1383001
4903709
3759054
1883666
1775727
1776197
2699567
2422555
1133555
47119105
2915868
2752892
10229055
2723668
2151229
2456784
2512498
1061379
4220570
4072723
51789002
33749721
25817675
45261154
1028728
1751372
3731782
1029207
3395853
2877781
8252905
1375029
2451552
2052279
44446051
2497760
1138245
1170737
8086552
24556429
4821428
1626107
2628198
3995125
1277502
4080157
2723485
1697760
2151995
2781535
2368883
2328167
1211919
1254054
2008666
3401826
2049228
3049504
2005250
1219852
15015888
1623780
3322744
1800106
1031253
2994319
1190633
1056861
1003853
4314426
1311770
34592122
1075860
1043408
3290474
2568282
1121806
1397484
1418778
1045389
1220344
1841712
1402103
3226137
1119534
1978083
1901684
1054986
3403677
1558683
7379012
3269246
42407773
2484016
1162673
2310892
4409111
4565671
4275599
1545379
7311427
3865915
1397553
1660483
1299956
3132204
1849414
2089314
1856010
3872292
2325951
2419908
3879069
1977747
2035746
1743332
1082198
1195956
1457553
3779225
3481762
35670553
4290929
1779991
49390116
1601686
1784278
2614133
2076361
2265171
3561979
29793692
1443054
27913800
1512259
1289343
13187486
1918825
2471247
29964741
47585022
1160188
3020210
1316908
1458473
2370377
2014079
2762569
1674999
4308911
1571624
3162344
1429745
4662731
1801460
4661565
3206664
4042697
6865636
1239008
4014647
2108736
21352962
1893279
1920607
4775334
15467376
4425175
4288593
3357913
3846830
1338455
1501513
2321298
2632035
3261065
2449175
3338744
2354707
3281477
1653604
1564786
2561410
1224062
1576061
2066646
34134824
1091173
1758854
1059916
1440850
7368823
2545089
2219023
1533159
1573844
1168059
2359174
3735222
3856854
2101822
1565966
2051542
1337198
1752878
1001959
3028556
36046615
1242462
1301109
1661262
2577274
3322566
39571551
47728998
1183419
1575922
3265640
38881806
1060007
2807543
25818559
2355347
1782986
1019579
3723993
4464274
1157967
2859857
1283467
1224001
1104439
3441020
1110317
1000792
15791551
1273507
4479976
1340213
1064562
2389987
1497482
4091999
9482194
1359864
4583796
1170406
1577450
3120565
1008158
1141790
13707747
3580461
1513979
1018434
19214083
1124388
3182262
2752121
1535343
2703166
3402329
1146976
2897112
1232565
1347427
1098812
1876356
1486369
1991591
2744020
1166030
1769763
1838504
1018848
2424605
1924013
1191495
1125189
1050256
1001104
1219060
1127596
1101697
1054812
1233288
1129855
1154298
1098869
1036637
1087136
1238513
1087366
1094930
1226548
1177526
1230582
1222522
1242054
1139086
1219635
1053725
1128891
1202742
1161569
1115375
1178759
1205413
1114790
1075637
1194666
1001058
1000553
1093770
1061122
1025594
37485958
1648068
1849570
2930031
4480104
4244380
3038174
1387096
1071603
1368764
1002193
1563570
1041389
1312167
1570135
1029974
1000068
1000062
1143289
1453577
1112203
2093850
1796223
1487106
1010346
1316763
1170549
25946070
13869034
1354097
45291454
41723337
1131211
49007135
3415883
1471740
1837715
3555072
2830063
1121700
1050759
2474135
1021803
1058147
1048867
1005080
1000186
1352529
4844110
3519799
3199411
2773223
36545667
2561395
1110086
2073375
1851430
1838435
1631369
1072306
1065362
1049825
4637576
4003710
3564896
2186903
2446970
2195332
4487035
27913630
40150826
2459613
2570433
1299276
1279102
1422359
2059946
1550077
3242740
2059925
1429282
3097312
3410376
4081308
1000106
31196765
21054004
1054591
15802620
1000154
1208413
40201600
1840245
3528285
2000553
3922657
4525185
1097738
4360012
1907842
1525704
1084870
2091472
1096200
1057103
31887101
1017360
3263897
3482760
1739577
48972301
1188876
2998815
1028221
1883591
1001828
4463200
1209716
2233742
2457290
2099275
32923481
1702564
1478407
1854874
1071548
3330237
3290427
1074600
1150026
48072163
1443386
46265117
2861175
2195739
2025576
1084404
1006107
1269376
1312832
3112928
4240555
4094398
1225913
2495179
2577164
1161672
1585295
2653632
1080774
2153254
3019156
2480270
2634352
43328498
44556768
39882233
1835553
3231508
3616208
3932619
1091324
1375800
1422779
1037083
2236460
2339118
3104935
1886574
1020444
3304356
1127126
3283695
3576738
1159064
1182809
2510862
1264081
15493118
4041187
2173441
4041084
1006812
1372121
1181250
2001018
2438287
1048735
4004875
1001971
1089203
1852862
1360512
1281528
1411042
1078544
1344031
1010760
4277730
1105667
25853926
1001162
1000038
47167613
1256212
1201103
1476066
4311388
4569399
18593788
1065305
1000074
1208478
1479066
2622301
1391104
1060200
2312858
2161054
2624102
2169037
2766266
2332639
1315194
2541089
1246378
50781208
1105846
1128900
2994751
3654082
42048697
46714196
5776939
2173877
32743872
1282305
3017175
1204195
30034073
4704249
17211744
4436805
4720988
4478908
4362610
3158672
3530278
2718656
2651552
2106622
23767807
16400611
40487978
8467350
2662669
4040421
1186282
2287948
2403019
1892835
1452235
4547124
2153373
2654118
5973206
1008916
2199582
2138462
1321364
3606794
4231208
3191061
1227154
2010550
1141445
1134996
37184223
4472546
3052175
24733807
1318300
1209471
2869360
1512042
1108608
1919713
46624015
3200116
1731912
2219377
1326792
1657082
1602142
4004991
4436827
1166222
2165753
2905539
1459995
1558326
3685600
2848903
1698296
1709328
1916106
1325548
1139442
1469662
1294338
2137770
1097027
1188815
1063862
1287712
2131891
1919226
3110666
3076248
1091954
1240010
1313962
1000261
1066088
2836052
2683825
1736087
2718960
1285523
2545376
2105868
2433588
2104496
1293490
1061062
1283611
1140065
1654348
1714371
1084513
1121602
1407841
1004447
1194409
1114759
1056462
1171213
32083167
3738571
3611322
1599548
4195369
2655968
1160027
2918791
4730191
4240377
3473316
3486231
3635215
2197013
1983985
1078166
2979187
2762112
2099547
2827421
1419743
3168884
1616704
1356422
1151280
1062072
1218561
2768952
1061670
2873775
1024522
1064982
2004245
1522422
1276896
1650485
1869823
1293449
2264932
2216760
2178795
2487809
1552466
2718143
2213360
1497756
1462560
1747093
1132442
8338010
16643056
3877008
1850292
1621132
35786644
2614787
4261805
1492566
3466698
2359508
3344847
1404316
36786754
2858177
48603185
14641843
1004028
1000280
1425474
3526322
23559438
4204662
38689402
1678153
2174063
1831586
2834372
13001495
3649935
1443478
38995861
2761005
2810289
3696311
4397467
2328875
4556683
1955875
47737171
1067099
2486574
29022001
50561484
1877741
1820054
3142402
14986684
13383401
40644944
40572658
43719096
46761951
3355570
8693115
1288763
2404547
1027095
8135399
3921653
4321479
1165877
1376662
2669257
31818190
2320531
2005322
1681988
2610960
2104239
1129558
1691906
1022260
4058882
3644710
1566344
3410079
1486134
2339507
2050164
1883877
1158152
1083685
4093831
1233999
1170656
1246682
4354896
2837423
1669808
38253640
45798665
40631801
4572949
2025898
2453308
3834728
1009900
1010076
1000305
1069623
1091877
1105865
1233832
1214599
1291384
1387929
1666538
1896472
1790053
2289899
2427327
3475417
34139910
36226952
48179160
45519357
1004185
2885608
3954080
45834544
5580139
1097726
1063341
1189831
1326576
1252059
1363906
1374158
1365497
1418318
1405807
1642422
1705890
1933950
2006994
1610839
2172198
2200086
2217666
2271340
1883581
2493356
2885238
2913478
1890117
1992507
2366495
2444503
2542013
2602589
2640875
2827721
4012314
4503672
5664276
8909770
16744400
3526319
34393870
3670459
4345185
5693133
47911762
1078760
22153549
34076517
36015615
1009521
2156734
3333658
1433489
1518337
1541257
3699543
39730174
41531676
2929451
16031493
4233916
1091810
1343300
2159322
2310548
3304400
1079203
1182119
3454200
1264227
1271739
1014356
1312463
1046366
1060164
1410075
1203738
1449719
1468293
1219568
1298582
1769599
1929375
2033595
1791852
2072443
1894724
2092073
2124828
2167612
2632135
2187534
3749919
2580588
34746035
1573859
3108623
4161129
42560707
4051310
1355778
2053576
2184418
3578686
2225433
1119172
2575215
1393264
4121543
2081184
2253006
17205749
3346212
1314311
1432709
4324608
1486643
1527815
10849578
1580263
1660925
29535112
2253489
2489261
2574519
2620353
40362628
2726211
3204783
3874469
4041707
28421393
1122822
1574531
1217094
2229571
2449513
2714953
1561336
2990337
1733598
3452495
4100907
6641649
7053065
2535454
15468891
2711352
34516429
39018621
39111803
2940390
44639733
3516274
3815688
4040904
46272527
4088650
4163644
4660650
26367060
43185000
49319708
1496702
1673852
2943470
1793011
3197112
2177415
3244462
2414655
3288660
3030549
3822688
3965474
5580880
3808779
20204934
4314527
4402763
13399411
1011283
1119081
1355751
2181765
3287415
1052099
1102083
1002682
1234557
1262369
1122710
1287883
1474220
1580211
2226834
2320542
2464157
2538730
2971770
1473203
3503724
3604046
3797558
1904345
4012782
3993859
41693419
46808321
1064323
4378448
4378458
3402611
4379152
1063927
1104991
1138161
25744524
1157011
1384587
1444557
1538507
2427024
1760577
4240712
2522005
2543901
2599939
1124542
2626855
2055364
34412996
4369639
1713880
33010091
1639522
2008860
2331696
2696224
3237766
3256752
3516284
9108834
33776298
1283653
40785244
1829227
3398868
3692833
4010645
17856359
1341180
1345244
1348550
2103802
2105172
2225864
1007721
2261276
1059357
2539792
2897090
1088797
4569984
1228573
1283623
21847154
1314153
24335310
30867610
32285808
37172850
44675926
46677964
1570985
3103920
3229754
1935663
2149403
2261197
2461413
2464745
1170620
3052789
1949568
3707257
6176295
24959831
2661762
40308875
34476900
46988711
1434369
1796821
2165023
2427329
49400464
1081857
1188313
1207207
1066224
1068100
1426955
1144118
1656773
1185922
1278058
1284332
1331002
1742169
1544238
1548928
1559580
2011397
2014809
2150699
1821514
2207779
2222475
2333281
2357699
2442055
2532751
2793480
3193550
3825268
3904998
4128318
2775291
26894250
1172318
1221410
1551656
2074724
2361338
3226537
39234144
47972592
1004116
1030132
3418913
1131154
3700861
3765171
1219096
1376834
1384290
1643764
4562199
1740632
23657923
28304543
2018892
2060100
33754935
2165852
2247946
1000425
14233494
26520270
47315370
1001057
1003877
33378152
2507672
14028906
1031033
42470128
1051469
2438086
4536620
1090319
1111137
2851726
1111393
1115119
1162645
1169545
2378884
3886694
4231200
1244861
3488066
1316223
1325525
2677686
2785218
2786898
2802862
2866796
1533229
1553133
3126232
1554111
1791777
1811099
2007983
3483046
3490006
3734216
2316017
2585779
2615419
4243868
3898475
21032261
45506601
1001908
1018040
1021880
4462995
1054530
37316909
1066010
1067905
1088342
1114026
1293407
1315003
2068911
1223094
2092447
1296514
2300445
2349327
1310638
2377121
2684233
4074961
4373901
4670657
4877135
13972495
19414981
1364756
41263611
42968711
1484748
1560752
1394881
1809547
1863857
1864631
2214087
2337903
1929352
2032390
2073234
3533691
2104706
2219622
2394104
2572351
2659934
2776730
50231093
1007091
3095814
3101338
33068536
1598633
1727201
1768165
1952949
2040429
2344029
3392017
3212182
3814686
3046275
31135366
37267400
43882705
1010165
1884292
3401065
1002993
1015981
15859394
1062364
2244115
2311901
1104404
3877393
1194772
1206078
1003287
1280648
1959890
4214019
4398721
46576967
48796413
3393034
3485520
4742680
3809777
4101081
4415055
1289008
33174835
35302725
1310808
1317650
38589207
3064128
47429187
1060730
1532682
1935298
48462303
3432654
18768692
47913428
1119146
1095623
1160155
1179046
1392265
1488723
1754078
1508771
2213118
1687441
1820749
1942999
2522117
2600633
2624847
2644045
2803253
40844630
1180086
2475174
3053089
3084920
4181950
4568442
1000168
3614715
4194976
3671259
1049264
3838407
3919845
3932955
3172348
40821254
4550485
17435111
19598721
25496261
2283846
2629350
34750220
38123161
44189101
1925192
2744436
2990390
2138921
2185029
4278920
2319733
2341445
4672102
3121835
1000743
1014787
4909388
5248856
27578956
1384005
30056740
1592875
36372008
43171952
2083159
2446949
47285938
50672178
1075312
49393373
1588107
1215744
2152337
1386782
1863230
1988328
2048932
2059854
2160895
2253464
1000647
2273560
2353160
1095323
2439696
1171511
1183737
2553684
2561658
2583116
1280195
2930914
2977092
3082338
3092218
2102127
3212494
3243982
2388301
3538216
3707610
4040130
4556485
35729855
1005671
17921760
4691844
45721650
1013999
1015115
1015403
1019323
1019793
2155399
38462488
1598935
1214295
1292689
37340440
34129670
2686741
2596345
3417347
13986008
1751310
3115365
1039786
2814275
2656365
1412862
3390768
3235489
1034522
1044931
1059331
1078217
1081735
1091127
1219744
1101795
1361482
1105771
1125299
1679812
1131815
1165987
1173577
1189363
1191907
1197515
1205871
1215223
1255395
1265529
1277553
1279239
1687274
1322827
1330733
1068440
1325880
1359557
1892056
2121038
1390693
1396001
1413421
3475350
1415267
1250104
1425011
1434947
2146636
1000052
1000258
1445959
1461395
1028166
1041692
1509853
1546425
1560271
1101612
1629335
1650783
1121222
1691429
1699417
1272656
1709421
1717391
1411308
1747647
1751185
1777655
1781499
1784059
1787747
1834637
1003232
1852823
1854493
1015760
1019378
1033056
2023341
2029879
1043150
2030251
2039993
2050535
2056255
2085637
1056720
1062568
2135657
1066242
1073068
1082828
2190343
2201159
1092500
1103414
1110438
2223163
2247771
2273033
2286515
1125978
1130298
1139806
1149738
2437101
1155872
1157768
1175500
2454233
1182482
1188910
2517761
1215068
1221282
2576495
2613649
2692683
2766109
1000809
1079911
1181345
1251808
1263416
1246767
1275416
2557341
1288814
2557883
1289220
1292622
1317974
1342246
41517679
1376028
1003623
1382242
1396694
2656979
1074747
1411454
1163259
1424838
1446104
1246671
1479046
1306273
1479472
1569607
1667119
1736601
1483354
1767575
1846457
1502330
1515338
1526850
1911457
1971155
2009213
1570426
2129993
1579190
1624252
1642676
1663556
1712238
27612276
1731490
2585949
2785539
2910334
1734848
3390227
3191812
3939307
4085761
3460616
3786684
4230039
3702992
4233341
4233599
2762704
2608990
2508470
1742842
1121019
1747760
1251431
1785076
1423335
1803678
1431813
1445497
1580065
2198349
2211567
1820038
2750037
3273185
1896532
1906938
4186749
1912784
14048771
1924636
15825673
34919639
1976580
1066183
1102153
2040450
1940099
2070552
2527263
2135614
2147316
2161874
2169668
1175479
2198682
2200990
32454445
2218660
1000229
2252694
1160231
2278746
2280580
2959747
2296592
2323878
2352454
2383068
2398068
1215875
2398578
2416398
2430588
2432140
1275897
1298745
2464896
2466662
2516842
1531187
2532646
2054271
2061629
2649102
2176205
2649582
2186057
3247819
2814192
1043112
13859421
1904187
1561432
17280891
1751978
1759984
1107217
1223501
42632352
2529499
48932386
3713127
1088376
3783165
1000890
1029432
1190688
1054353
1154813
1217194
1217950
1218104
1256388
1389804
1796257
1803449
1884221
1447018
1451560
1525108
2166051
2170439
2179233
1885452
1917568
2203988
2240046
2527607
2590918
2750080
2632197
2754404
3173586
2788465
2818411
4220512
3032457
4629480
3855743
3856095
4651919
4657327
4775265
5409823
11571955
27991277
34503915
40138605
1181404
2130044
2318473
29989032
4106532
2847390
28612962
4595890
1043077
42757488
9234614
1105395
1115511
2643324
4658060
16058972
1150691
1154579
1155907
1083694
1256847
3524952
1632225
1640581
1362864
2059761
2149573
1374450
2169639
2343413
2141174
2142906
2539169
1054440
1318044
2482424
3038345
33432932
1016744
1167270
1184902
1334604
1371934
1379240
1726884
2030560
2084218
36165483
44565173
2369200
2670368
1177701
1225873
1868769
1112450
1186570
3121732
3667894
3185889
3224943
4243609
1087102
1132908
4852729
1209082
2034650
2105582
2873224
1047622
1048742
1087956
43021343
1185960
1210606
1309952
1435974
3351637
1525972
1831086
2234526
2766060
4044339
30951071
3540052
3871118
1554547
4296622
2453487
17044390
25888108
28298310
31322330
32775052
2620639
3801201
4374413
37109310
39056078
3407143
46774836
3373911
3581569
48719090
1083064
3918540
39410767
3312651
2369016
2539608
1073471
2331688
3187456
1089041
1042626
1117300
1117326
1132524
1354083
1191080
1445347
1684175
1888779
1916995
1944451
1633050
1738814
1838432
1887620
2117476
2276673
2172676
2328780
2440496
2869603
3776483
2772342
4243627
3008614
3137980
3271222
3311852
1425949
1995799
10857862
29085168
1425063
1443493
1076205
1113851
46822700
1138957
1063010
1141232
1764132
2158246
3044214
3313762
3566512
4167008
4724434
9535432
2126761
2895531
22087688
2104275
3539541
1578293
2278265
2221649
1000325
45876729
45650259
2507945
4392837
2631705
2287877
3142553
1973118
2058148
28435131
1089671
1110259
1112381
4686388
1324269
1614259
37159102
1767185
1768605
1828171
1828323
1928603
1030300
2122725
1213894
2304601
1828760
2402605
2192618
2409711
2253542
2585759
1404326
2766591
1334746
1275056
34058660
4233363
4704648
38702920
45001490
43655756
45739805
14773172
1225849
3290560
2212426
2014043
2025173
2587949
1953796
2739389
1126250
1208382
1237360
1362562
1431276
1510852
1745946
33787177
2133170
1674723
2168524
14795715
3168450
3354334
19700705
4043686
32781825
2820697
5783341
1408650
6426642
1253612
3065031
2770539
6543843
1923103
1161339
1237250
46032120
1037762
1168989
1127360
2783249
1213234
1225618
1229004
3695279
26186919
1781815
2727911
1826397
1601084
1782726
1877130
4301563
2241776
3455953
2426528
2441692
1049181
1085825
2837600
1221759
3484570
1354679
1382793
1400751
1488605
1034496
1451638
1692705
1693799
1885873
1907843
2263162
2044709
2487174
2075099
2183593
30575792
2221005
2230831
1227618
2343131
1594474
1657162
2521867
1991182
2751331
2303100
2393884
2767657
2495692
2834007
2837919
2781232
3080999
3187310
3393482
3768820
3918642
4220601
4708172
4244187
40068346
41152262
45710160
1270148
1377474
1520727
1409202
1661579
2151470
28061883
2342154
2395812
1053971
1065075
2713976
1205427
1391251
3278320
1540741
3855632
2616177
5065714
10363676
2820635
16937722
3306969
4056027
4270921
14866045
35437294
43941550
1028570
1189943
1269401
1579704
1893808
1371113
3302462
1388441
1575209
1905845
2226309
2292555
1021238
2403245
2558205
3060983
1131628
1203166
1231114
1019711
1034225
1248490
1318392
1069115
1352756
1075941
1085711
1091279
1109995
1504124
1136679
1545578
1154285
1551450
1166717
1559922
1636720
1686040
1688428
1709008
1759118
1205239
1207895
1219073
1886786
1244963
2023848
1278321
1301835
1320933
2210502
1434577
2372636
1498797
1503945
1506343
2461698
1545243
2529226
1595699
1669077
2582576
1782465
2607250
1857369
2608828
2645060
2844810
1990625
2021329
2854552
2041451
2707847
3257205
3394736
3978875
1001711
1083379
1148845
1234559
1402617
3692090
1425463
1819533
1923119
2008571
2143219
2844093
2920551
3160363
3505151
3999227
4325616
4334994
4205223
4464451
15401327
38655265
41367121
46743537
1514816
15086906
1018329
1032277
1034315
1042669
1046403
1169686
1204566
1313718
1340032
1904324
2296276
1072141
1074035
1079373
3432708
1088147
3489162
43781612
1066992
1100547
1101691
1225212
1109763
1122147
1133535
1139437
2565930
1145165
1151905
1155743
1170351
1176557
1178895
1179097
1030314
1190351
1067618
1203251
1203949
1212789
1225673
1215912
1236863
1228406
1236248
1277050
1383632
1628242
1758016
1899922
2185654
2233190
1258507
2748610
1265305
2894708
1274145
1279681
2935608
1285377
24712552
1029604
1294509
1306803
1133472
1343989
1347627
1236834
1484742
1363073
1489596
1374817
1400837
1417937
1729250
1744746
1819090
1957296
1450373
1453531
1458339
2361144
2375494
1476533
1493303
1505431
2453662
2458366
2536350
1549661
1559409
1571961
1576773
3334686
1610125
3775992
1671661
1689117
46175078
1708373
1727365
1727409
1004800
1016880
1750787
1018668
1761853
1834165
1855009
1038634
1049020
1975427
1995783
2059125
2097389
1077952
1078632
2137035
2141841
2154437
2155349
2174123
2190767
2239011
2300787
2301921
1125576
2385509
1127772
2407647
2418935
2472979
1178038
2491433
2520267
1201102
2582925
1245040
2709021
1255670
2766411
2804921
1259244
1266628
2912605
2956725
1287722
3024307
3247041
3255941
1344684
1349756
1365130
3914485
1366614
1369408
1388322
1469314
25501421
2071885
1506740
3611269
1520642
1533046
1533492
1376009
1551590
1574700
3931119
1709040
1714712
4615949
1737312
1780256
39369129
1782980
1800006
1803568
1874290
1908786
1921946
1936070
1000117
1937826
1155455
1944216
1944752
1197169
1215053
1967542
1240417
1277911
1431645
2015452
1494981
2019748
2111147
2774079
2245582
2259378
3099023
2314226
2330074
3716433
4578749
15398959
2430312
2432820
2437212
26383653
2550440
2558368
2706672
2707682
40809747
46650665
48798303
2816782
2989164
1176949
1335593
3098814
3555612
3698238
3880492
4326488
4363772
4644200
4886760
3501689
9704940
26572823
1746526
2303376
2547460
1430719
4554844
1018226
1534931
2101751
1344024
1932336
2100724
2449935
2549779
3130081
1001118
1068856
1217446
1618184
1729466
3945601
3971575
1805170
2121266
2190752
2260554
2285190
4291831
2930072
4426259
4363864
4486541
19449136
26850926
33725696
34976814
40483928
44751062
47007384
1069446
1087694
1572872
28635195
1582322
35831683
1043435
1443148
1259297
3072738
3304696
1389797
4031542
1057410
1096716
4005662
1751229
1776869
1073744
1922053
2183529
1166656
2219533
2270521
1214416
1254658
2784639
3142627
1449516
1767164
2129464
3263995
2583470
3558307
2649518
3586709
3616633
3727509
3942461
4658569
13463439
14635421
33391209
3878014
4093706
4209748
4369982
2565439
2601379
2684793
2830027
4622492
3575601
3726239
4323263
4377371
1120332
1310996
1325564
1370136
1128517
1390144
1191371
1413552
1354049
1680355
1903828
1997560
2145524
1917241
1996037
2180246
2011569
2395276
2293915
2326405
2372435
2421747
3109054
2438889
3533160
2717205
3553080
3675588
3746982
3054229
4012496
1323017
12337756
1491079
2168483
1018593
1022063
1046959
1136131
1384655
1498575
1670527
27394788
2268679
1001788
1096202
1340808
1350234
1384830
1475744
2076508
28079503
2219836
2381662
2784650
2962464
1161817
1197343
1296657
1507305
1511413
4231732
4235942
4342314
1571869
1616027
8601768
2116841
2124025
2172715
1011382
2236349
2244979
1020120
2276727
1040988
2520891
2530999
1235292
2689203
2730349
2918777
1794632
2996591
3040221
3462561
2063846
4346457
4554289
4569283
11007263
23286775
2374828
23390387
2575290
1627233
2238991
2878490
3364546
3228587
1140078
1444160
2200090
1144125
1279297
2703880
3037422
3632505
1133346
1181276
1704555
1283806
3488207
3350439
45129087
14516921
3085297
3209023
6387105
1668087
2410529
4431122
4632178
1313499
1335061
1965657
3672915
44090154
1062396
1133076
1152072
1157961
1157118
1219742
1316314
1938897
1594912
1620026
1745890
2122297
1783930
1784772
2051946
2117528
2187858
2205046
2769617
2307612
2910469
3241915
2541862
3308053
2599416
2683870
3038988
3162946
3552726
4505452
35416683
1036985
1128435
4665734
5837500
1323769
1318802
1621305
1641495
1685819
1841488
2407982
2718424
1791917
3034062
1968929
3308340
2408137
2576689
3835076
7352328
3341895
3377045
3464319
3677163
3743217
3873953
3881071
1488102
17332097
26358235
30150261
4656686
1023412
1062186
40347495
1129650
1207370
45681761
1558354
1825212
1049001
2076870
1079547
2516586
1209435
1210019
1340929
1384781
1385009
47376452
1766607
1877169
1257046
2153903
2195003
2321440
2727931
4202686
4244276
3391943
1026038
3414309
3489619
1238918
3580535
3809293
1259204
1767012
10385597
13368347
2431776
2626492
2860406
26708747
3322714
3413868
3827516
2223405
2587685
3942594
4332618
4340770
1173911
4382891
2679001
1305524
1309960
1405932
1246559
1467978
1485514
1529564
37014161
1037049
1039617
1052887
1406171
2953548
1753937
1770205
3228276
1821649
3229786
2116635
2192547
3398730
3511856
3624042
3053335
3226573
3723548
3467337
4201316
3537967
3687939
3993597
17330750
36638204
37832099
1012019
46133156
46228260
47014876
1035008
2283433
3612190
9164633
3821328
4130950
1884338
1660290
1568037
1599221
3077378
1976623
2044255
2052603
1236212
2538184
2709367
2837063
3010072
3077053
3262230
4247518
2080023
3596226
3630166
2110728
15640643
4705256
1283932
4009722
2993045
1353640
2251568
2398870
2115158
1034769
1101469
1366431
1107066
1266740
2093333
1850364
2621839
2078686
4041541
4336339
12875989
14980157
39984989
2389834
46486828
3351303
1001846
4865271
39616323
4289117
1047424
1056640
1076194
1195006
1183151
1430410
1704152
2095375
2001568
2205449
1006070
3639861
1026362
4068467
1134362
1348786
1275594
3025711
3443975
1182061
1226593
1378687
1567851
2515385
2685179
2688289
3936061
4191771
14335893
29360377
41325211
1037929
1428914
1284345
1400429
1933557
2204705
2266483
2642635
2671293
3186841
1189754
3483419
3516887
4690157
21906559
1265310
1032825
1065871
1495930
1649342
1805760
1243671
1272361
1942928
1970916
1310605
1319129
1977900
2126812
1497039
1530167
1583789
2522906
2895422
1794501
2975184
1807541
3111074
2091939
3822582
2173489
4240590
4543030
2391699
2411345
30044672
3016053
3024339
47291322
1036972
1126840
1213750
1693316
1867868
31878363
2417200
41411613
1853755
4251854
2060909
2619273
24357275
1146697
1261081
1647809
3962253
1180886
4093751
1618054
1945256
3139808
1074805
3766170
1150605
3767422
1212629
4342324
1295931
4577366
4658820
23590824
1576514
1668490
2176041
2222871
2777723
4324460
2949975
3195663
3632287
23070846
4022935
4148451
18223641
1059290
25548197
26189729
33548043
1511242
1143049
3796576
1160775
1259715
1891923
1921403
2139017
2151379
2261323
2512383
27511500
2544747
3031247
3211947
4448331
10712119
14301907
15850659
1726468
4371330
34286714
1137576
1302426
2114984
2250630
2485716
2778642
2898560
3201680
3255128
3669776
4700854
10926910
1573369
2866699
2869635
3729229
28333556
40143856
43285877
1169536
42655683
1030033
1032653
2398216
2505932
1240789
1297637
1327987
1435387
1663221
1907475
3689892
1991817
6347604
2173121
11615182
2248977
2367519
2426337
2436033
2598213
2673451
2935577
37430336
1049188
39909409
1089832
1125396
1086703
1134401
1214054
1280259
1285205
1216894
1399547
1333606
1553539
1369936
1668827
1738625
1426578
1655974
1710988
1898135
1836628
2008773
2056107
2114027
2168897
2353679
2427461
2531185
2573159
2583391
2611247
2649796
3037802
2698209
2704701
2744285
2775071
3125406
3028911
13862096
3368637
3558625
3574487
3766601
3189216
4052419
4615389
4808849
3342350
3607582
1032931
1224419
1453639
1400428
1016443
1603134
1023345
4313194
1371897
1050469
1135822
2293288
2577016
2666152
1350139
3550770
1385815
3651460
3844924
4022410
1538213
1633631
1658021
3332183
29076189
2385379
3484989
1123734
2385961
4331329
1162962
3521261
2245809
1357978
1587292
2892055
1643298
4041167
2123082
2583755
3331571
2060841
2242812
2249143
2456871
2340498
2345264
2354626
2668217
1778631
2551842
1784121
1792067
2581992
1851555
1958569
2829220
1976789
3303952
2754925
34041285
1031589
1032779
3909200
4152724
1147423
1265779
1627051
1888229
1958121
2420257
2479235
1481092
2606799
2682775
1595076
1057579
1065741
1077373
1108731
2330788
1204143
1234463
1347527
1411813
2715166
2815118
2979784
1518579
1536775
1561861
3311108
3514154
3525994
3708500
1638057
3736720
4026252
1746713
1755925
1917647
1925181
5238506
2173929
2194159
9775374
2397169
3071887
3740827
21301356
40155469
35036888
41280958
1694720
1022183
1036565
1051243
1052337
1093109
41438030
1099413
1108413
1105000
1109663
1114207
4577590
1117609
1814680
1968048
1139059
1145451
1857560
1944484
1153617
1968652
1175665
2334396
2524028
1201287
1206061
2891352
1222843
2929068
1229155
3489470
1244433
4229006
1295347
1306471
1032728
1038020
1056236
1660776
1142882
1275616
1242200
1734532
2286342
1331564
2676978
1897312
1631060
2017054
3363186
1980626
2079598
2143636
2221864
2204042
4080126
2342924
13302540
15988272
3157372
29579112
33141738
3806872
1185642
3088184
3869722
3957484
1698120
4499488
4541080
3326750
6769312
1174270
1391968
1481122
1713250
2171472
1033566
1000674
1336052
1702376
4308772
1026868
1055176
1047014
4220634
4059720
1167428
1247134
1212632
1349048
1641162
1159902
1570122
1698350
4088320
1750994
1840298
2796534
2239880
2299088
1659684
3076786
2610054
2429066
2821556
1039302
1453018
2503060
2745752
2045144
1531536
2125298
1786794
3131138
2661748
2171082
3409592
1489460
2180780
29744642
1516808
1659188
2317204
1918124
2385844
1902856
1389874
2153444
2915324
1293270
4116398
1436602
1040184
9317324
1077684
2193826
1727140
1453944
17016418
1794252
3723178
2333988
1263292
3908290
1184840
1215272
4001376
42148234
1038070
40995366
1309372
1250630
41199796
1015158
1354876
1024314
1067676
1074078
1329974
1842415
1335584
1347098
1131552
1133028
1396355
1495319
1004332
1039036
1054108
1675907
1101100
1279440
1128652
1143964
1168546
1299762
1921298
1302058
2091857
1311739
2099553
1757163
2152754
2158319
1708896
2219162
1414768
2334926
1990539
1419409
2459162
1434943
2054172
2519759
1513384
1494162
1674774
2542325
1562485
2572031
1675692
2582921
1664314
1670563
1676640
2809776
3017850
2779145
2781224
1878922
4232451
1883575
2975438
2163175
3470642
3489437
3548516
2238235
1475028
2258395
1675179
1675266
4255088
1858842
1929276
2109807
1017695
2978815
3170488
2247033
2252877
2283402
1213928
4150297
1224197
2344581
1226660
1227869
1251095
2543904
1253624
2889696
4310971
4485073
1273367
1285709
3169485
1020277
1052068
3491424
3600498
1068202
2490001
1357367
2001217
1014303
1599241
1178473
1464092
1091940
1655137
2264173
1090732
1771139
1178814
1359577
1181922
2188441
1112761
1222119
1870511
1234017
1246029
2041271
1496227
1274454
1276062
2167850
2195027
2377891
2259395
1225645
1338723
1340361
2382500
1433132
1776625
1363596
1493752
1250170
2871920
1381774
1221118
1425090
1352302
1451220
1493889
1044637
1505025
1623726
1630143
1652763
4379023
1684638
3505043
1443710
1507205
2196849
1541645
35777086
2474111
1223703
2897891
1311303
1032154
1318023
3897070
32410268
3733579
2831524
3412144
29798308
2446618
1510367
1635523
1989869
1021380
2209735
2699030
1672153
4163468
1318207
1162157
1409704
1164983
1247285
2375106
2311240
1365209
2530408
1173555
1688148
1078888
1500277
2622461
1694623
2915543
3335174
1946820
2084970
3839816
2094594
2415418
6112163
2728603
1666674
2561811
3287132
3243462
3516921
1094961
1961643
1062968
2503437
40270612
2600951
2854429
4208271
4120147
2796695
5847465
1444580
1469792
1629965
2197451
2481662
47453451
7914205
3265806
2620570
3731752
1249193
1136238
2651408
45798223
3106152
1060826
1588159
3311623
2857560
1920189
1187551
3978508
1072329
2231881
2334343
1112107
1108511
1876831
2102146
1176685
2754066
3446994
1549310
2483811
4511619
1274411
2387639
1351205
3515161
3799634
2096229
3269399
1081130
6591591
1131970
2563295
2652473
2026141
1469952
4397227
1735011
2030124
47454296
5293449
4381681
1132089
1888035
3804138
1101713
3229774
1281595
11017411
1054341
1343168
1360091
1602027
1395548
1452782
17218599
1848662
1489261
2095979
3478830
2196140
2958459
2534359
3232743
3292512
3838374
4543320
10582810
1012951
2105773
3201965
1018485
1348894
1549606
1001708
1001903
1027844
1032239
2018623
3822501
2225388
2029642
1033919
2130346
1232832
1745193
2272873
2108133
2569258
2776609
2896969
3241156
3317638
3744115
3784207
1907286
1777160
5334436
1000246
1001563
1013920
1018120
1204608
2893028
1154180
1410918
2565929
2681978
1065709
1066213
1080466
1490196
1080742
1867466
1778817
1781613
1826784
50536829
1167664
1220758
1232335
1299127
1777733
1113710
2492124
3379769
1549441
1964867
1549939
1581790
2822490
1908781
2201153
3224495
2081065
1500305
1552610
4742390
2536004
2325652
3567069
2696110
2636555
1094842
4269246
1433354
3309764
1674511
1170839
2222348
1068767
1109495
4228609
1375130
1028481
1032894
1406630
1057299
1067886
1966264
1137607
5163848
1819691
1796797
1424524
3498361
1933305
1297305
1916287
1697707
1225651
1017634
1002568
1652131
1251291
1768301
1001881
1080550
1376350
3358994
1605088
2346191
2087699
4276228
2308913
1325823
1116230
1148441
1092979
1095064
2550158
1348363
1762625
1421242
1481794
3561759
1112946
1670539
1059974
1090931
2291095
1113998
3108892
3184183
2909868
3700420
3942777
37129491
46843344
1136207
4631587
43389937
44388187
1183637
1010182
1114728
1198449
1350255
1078735
1079395
1393410
1119025
1501581
1513281
1901334
2159040
1160851
1289372
2308443
1179493
3283308
1210429
1389815
1217980
1249078
1456676
1253038
1001748
1520324
1028043
1538942
1318678
1608575
1202415
1337188
1338229
1409344
1572717
1425775
1455412
1781603
1502476
1509760
1835438
1851710
1567663
1875458
1601884
7712310
1604746
9074373
14513271
1627189
1998491
2064668
2066984
1635982
1691680
1097373
1099743
2154122
2171393
2180720
2198726
1155072
34883785
43314130
1158378
1158624
2212547
2213126
2226203
2237909
2243972
1207968
2247092
1214868
2919604
2301290
1231041
2239072
2004448
1266891
1306374
1324800
2333858
1329372
2395964
2695402
1353297
1357158
1373790
1440939
1466157
1496247
2561270
1680021
3452095
1682658
1699185
2700551
1778058
1782669
1785339
1789875
4703236
1804245
1918032
1967784
2006436
2951057
1885522
3142526
2051973
2124123
2162070
2178078
2192172
3903356
2222559
2224635
2234850
2242776
2287467
2287476
4134221
4272590
4710202
4371317
2605902
3260470
2608779
2080327
4726757
2683026
4853102
2696043
2733465
24832799
1951078
2997195
32598932
3011769
3065463
3649345
3096309
34586678
3826195
3194214
3209268
42595748
44267693
1132760
3302103
1813391
3482184
3243631
3559848
1166336
1199456
1819234
1307063
3828918
1867579
1427105
1868128
1490582
1948066
3831807
1770797
1953964
1963163
4036890
2015528
4081830
4210257
2460671
4240554
3092300
1968007
1972000
1994482
2130406
2165440
16443132
2367658
1217567
1237214
1266290
29683146
1328453
39000186
39945690
44333397
2582770
3079484
2889055
1961138
4829696
1001001
2250539
1051818
3038488
2777048
1341513
3404176
1224950
3600856
1493118
1619163
2228651
1876810
1303583
1964767
1943489
2180626
2062938
1550876
2448969
1013504
3380917
1013849
1023161
1023668
4373094
1744978
1016743
1078351
1071275
1191238
1244644
1209434
1210232
1260628
1266355
1325749
1355002
2777649
1421470
1384805
1478820
1404488
1485539
1484605
1515601
1717432
1316937
1558439
3437964
1588607
1651325
1705580
1144284
1200981
1011027
1998594
1230792
2294404
2251341
2258807
2701750
2923822
1751217
1969236
3053578
2380211
1310727
2517389
2540966
17669755
2620436
1063692
1064859
1069909
1070254
1172187
1176483
2855666
1225083
2988677
1185643
1290525
1242016
1329577
2167011
3896597
1361458
2174856
1416031
2184105
2397024
9097499
1506160
1000247
1018841
1203668
1536964
1004034
1205375
1738012
1043550
1922959
1274648
2136313
1341629
1093701
2227405
1436552
2261590
1507898
1606025
1349148
1825796
1948079
1712829
1719231
1721109
1110142
1124227
1144666
1163467
2331509
1199326
1978038
1240120
2800352
2243886
1338685
2466621
2515488
2871134
1023387
2977802
3213590
1460656
1133277
1139433
1560412
1154754
1186530
1263438
1650856
1332276
1213790
1392060
2268386
1880380
1457568
2182918
2847845
3330143
1608840
2248672
2643916
1723785
1742637
2846818
2936233
1870049
2021105
2091845
1781046
3342241
3349585
2187996
2198211
3416455
3534130
2678063
2311362
32921353
2709555
34716005
2794476
4630049
2846820
1835045
3114075
34200373
2090888
1012729
1023484
1051051
3487362
3367547
1286809
40216125
1000149
1466410
2453069
1206093
2565977
1545877
1572286
37898109
1747052
35515356
4329561
1812106
3439673
1822168
1536719
1014800
2202010
2234385
3698597
3152258
1218857
2392840
1427427
2213501
2415489
1430796
3328796
1060622
2872487
3597721
3381233
2287070
1259810
1234271
3081236
1202990
4276207
1367784
1654760
27039997
2301389
1044680
1056466
2061603
2115714
2290290
2596089
2377297
2874435
2007509
2181284
1429668
2366516
2430881
2594384
4219854
1398487
1547491
1490267
1538733
2759976
1799807
3368109
16377534
2401245
3763743
1301453
4144018
2085756
1041920
1348563
10608322
1421723
2768043
1853479
32100779
1031014
1457569
1017963
3306211
2144197
1230126
3032247
2596353
1035563
1991080
1443339
1051877
1409978
2255938
3715278
1520150
1564814
3481753
1403811
1740319
3061006
1014438
3327866
1516993
2383188
1010227
1328492
1083202
1566320
1770858
1175458
1269594
1244578
1250806
1371366
1957211
2168546
2184056
1437019
2951162
1465168
1473922
1521181
1608829
1034295
1029752
1631137
1130460
1844983
1238889
2036767
1323564
2057353
1412892
2134483
1644674
1654721
1694651
1706048
1765544
2330599
1453731
1831523
2424367
2103551
2187659
2246930
2766718
2779141
2919089
47049233
1945098
1220573
2120217
1406513
3611443
3769483
2301504
1010003
2379897
1054162
1013777
1061443
1117423
1030739
1145281
1044635
2649402
1047392
1388191
3034416
3039270
1477084
1061129
1062686
1630765
3196095
1068677
3275028
2276131
3491082
1088423
1091489
1103177
1025430
1106498
1041714
1120832
1379929
1360722
1148504
1196429
1215608
1216718
1217594
13896565
1649160
1223030
1086075
1223204
1048750
1242185
2075905
1643797
2718463
1307530
1275374
1419913
1499193
1281485
2244129
1006155
1078506
2384350
1231086
1292015
1604523
1296686
2194890
2052163
3047850
1320002
1335824
9996075
11696646
1346177
1351148
1045863
1354550
1138149
1331520
1544023
1380246
1616805
1634749
1775965
2166988
1418237
1422842
2314345
2521960
1090707
1427390
3171556
1427432
24259816
1013893
1250505
1435646
1481034
1440467
1446707
1457420
1857631
2142225
1910083
2164161
1476029
1481168
2847114
1490270
1513841
1093662
1534139
1540700
1541135
1179396
1582010
1617107
1093030
1308123
1638842
1457526
1113616
1678313
1724666
1695456
1141018
1142500
1855919
1856606
1148335
1872944
2453656
1000704
1751056
1944515
1003080
1959290
1961591
1023357
1033629
1986563
3584590
1997258
2000669
2009510
1308196
3225458
2208914
1289137
1074006
1754134
1890190
2195030
1089411
1507030
1092048
2284556
1098681
2647595
2300663
1760143
2197454
1123698
2218418
1972210
1167468
1181265
1184811
1195387
1197675
1807477
1211469
1212435
2097695
2230109
1231525
1233441
2256443
1234971
2304407
2320442
1254348
1294059
2454484
1361602
2307943
2770487
2854346
1305429
1315623
1317744
3522503
1379502
1205521
1025084
1393333
1040411
1417969
1400223
1177453
1198771
1109192
1412025
1225231
1419156
1275328
1170905
1315831
1457019
1345852
1363465
1259927
1474318
1497633
1281917
1522561
1534456
1514430
1579261
1531878
1613644
1637533
1658176
1541094
1455527
1557333
1814314
1552199
1582137
1552538
1831795
1558556
1876357
1637436
1720553
2369095
2728696
1697637
2287117
1819133
1919938
1874063
2397874
2472751
1913546
1759974
1916603
2849086
1984445
1814520
2388499
1849659
1932016
2129120
1883283
1898601
3420763
3163891
2307448
1913265
2174918
2202773
1223227
2220536
1950537
2237981
1980708
2272694
1992288
1992579
1996797
3009341
2026713
3398579
1062448
3424462
4058423
1282372
2820808
2051256
2338801
1201924
2061399
2128282
2080524
1346689
2126832
2688191
2233758
2255442
2386518
1928702
2498889
2522130
1681334
2656251
3420995
2794020
2835810
2918559
2986269
3138792
3198636
1307045
3307476
2360738
3334785
3346617
2770526
3112205
3699987
4500599
1054820
1148291
1012437
1269128
1370300
1781505
1338828
1076256
2090133
3961517
1213005
2989419
1881867
1159791
2224401
1389053
1065480
1580621
2332092
2428106
3857480
1222110
45338903
2101463
2138433
2383478
2654349
1369325
1772222
1314198
1455834
1420835
4303754
3658701
1310084
1047945
2365809
1079519
1171571
2539011
1297787
1372977
2305014
1907882
2148656
2166692
2251136
2448227
2634836
3312293
1422984
2466780
3310479
1565703
1666071
2018235
2370246
2249258
4560492
4706166
25306005
1198767
1325796
2565563
1329927
1877607
17463263
3728034
27843717
2213102
3960269
4537445
1144971
1046993
1054868
1068863
1113599
1127750
1143014
1912701
2018697
1180595
2752089
3032472
1328003
1341866
1345613
1116375
1598060
1247898
1614698
1617305
1477893
1636721
2025426
2066256
2124117
1892408
2371971
1987637
2520189
2767254
2153684
2177591
2331911
4911834
2005548
1462977
1593729
2204595
2922246
3918690
2388222
2420609
1031199
1044252
1049928
1067529
1078545
2828192
2871287
1108215
2989214
2997626
3014654
3047123
1203399
3294770
3307772
1208859
1215774
1217847
3911279
1231908
1240530
1252371
4167881
1261734
4218890
4792214
4868210
46895108
1000214
1682325
1000757
1001396
2306835
1017278
3906339
2439564
3299118
1065581
2674731
1097780
1472304
1721685
2251749
1191425
1215749
1217426
2578821
1346154
1360275
1395717
1256498
1413954
1457958
1264868
1736934
1739277
1368434
1372193
1378793
1952409
2024919
2107047
1454858
1463306
2395842
1502687
1510844
1517006
1536149
2468910
1549358
1569308
3245088
3730545
1930103
4133481
4457133
1000560
2043947
2050172
1001397
2081525
2136254
1005795
1013820
2181992
2274356
1014603
3672776
3974186
1059813
1060899
54208658
1047389
1074750
1096403
1107923
1075992
1094169
1128980
1095972
1115928
1172363
1177940
1158504
1161606
1174902
1241351
1180509
1192755
1370219
1868804
1232421
1240023
2850662
1344561
41685101
1404072
4027850
1457925
1556934
2625785
1611177
1715226
19720889
1878003
1903590
1927446
2186163
1368107
1981781
48446952
1258883
1153569
1243557
1260741
1286352
1569573
1794456
38223773
2191593
2504880
2864220
3094302
1522925
1071956
1110515
1248267
1948821
4228422
1339274
1194375
1344225
1032770
1292552
4212060
1461938
1255283
1256034
1281728
1141032
2003078
3096567
3243651
4854926
1401189
2670224
1108598
26653922
2268201
2266052
1100576
2957073
1154036
3021690
1231511
1355699
1560137
1080372
1934141
1372344
2379872
1000233
1185041
1153094
1216043
1135317
1273172
1357764
1392906
1987844
2395697
40810595
2238083
1112802
1002029
1077227
1343678
1411967
1573790
2253878
2694725
3035708
30274283
1997862
1041548
2158812
4527366
1480262
1444698
1096638
1402677
1587390
1769310
1003304
2038386
2685696
1000161
1226516
1016022
1046871
1081707
1322526
1497369
2106924
1022904
1100186
1117463
1044753
1046724
1698044
1981208
2564084
2860130
2911919
3339803
3366602
1029954
1633274
47742042
1341713
1150734
1196529
1298901
1002005
1198076
2884278
1114107
1293051
1507265
1443636
1513278
1529145
1562076
1789226
2152586
2322552
2494757
2628887
4174943
1103490
5994647
1492908
1181744
2608167
3717488
51903950
1309538
2242319
13150049
2295129
30248697
1032681
1250136
1378455
1454922
1835721
2056470
1532309
1662464
4898454
1036830
2177957
1339791
2165418
2212854
3393257
3541187
31056590
2196210
32616533
40865705
42878123
2199183
1114406
1143059
33792036
44168064
2994666
1749278
1775273
1382034
3740292
1043487
1135010
1137333
1245311
1402259
2133398
2134100
1689138
2574014
2032968
2174070
3885119
2980827
7337540
3953553
34754153
39050495
13791777
31575090
2412542
2465666
1024545
17583224
29159075
1077285
1085931
44838713
1105731
1103435
1129410
1218726
1252895
1485497
1433973
1576602
4392113
48628622
1280715
1115675
2097252
1455477
2609877
4406055
3284876
1851747
1269240
26849705
1033907
2159226
7900520
2567043
1486829
1241003
3317403
3801405
2856734
1079318
1900964
4574085
2716277
1596686
1195013
1233734
1130492
2817428
2694114
1151078
4667286
1589540
27032814
3455114
1469286
1634142
17482688
1092443
1214955
1277564
1247571
1263627
1819778
1314504
2918454
3812496
2724812
4256606
29214759
48836888
42602421
45617220
48266163
1201935
55790186
1534221
4605191
1730196
45872706
1056009
1435622
1215939
2303189
1456920
1511874
2475926
1743024
1934100
2077887
44255681
2773020
45251660
3784821
8064674
2033478
3518441
11605691
2902200
12440690
2934249
4220604
48345042
27259427
1365897
1757640
2136663
2963811
1412168
3074370
40340535
1122468
3398130
14498481
2154758
2411540
2556611
1324158
4745819
1860786
2111934
11434511
16012746
3246279
50108198
1637994
51935624
4271697
1463013
1231055
1274018
1312205
1682802
1315289
2048175
1712834
4028247
1944236
2004116
16868883
25974981
2314505
31753230
34636587
40549962
2409083
45492474
2505080
2532596
2596190
2602052
2799068
3306833
3316853
1015638
1317057
1416999
45244208
1491045
1500255
1575105
1780725
1867143
1870620
45245291
1932837
2211501
4724351
46664897
2599749
3432692
3505403
3516068
2715153
2726820
2737554
2798712
3666917
3124290
3137274
3855452
4071431
4134437
3513639
3518787
3731325
4554062
4584566
4888016
13947962
4039377
24419855
31388324
4701018
5917005
41880131
11612439
44124071
44305475
44368112
46593740
46791947
40198971
44648772
11044418
16348290
1222601
22920996
2712218
2721461
26401932
3409787
28081470
3593561
30968838
32497599
4318850
33181899
11246630
43458077
36341364
1287896
1371839
1782872
1890542
40083717
2780087
3086060
42886593
4304174
4572875
45255969
4678331
46181616
46375101
47339205
34170899
42407606
1583196
44331884
44676158
2470545
2490477
45769730
46430798
2704632
4837692
5968488
54863772
2230920
54270167
19513740
38318004
4131375
1376531
1600889
1763084
1871948
2439087
2450106
2070830
2562021
2126051
2190038
3124854
4501680
2658569
2682935
23617842
2711156
24699024
2746085
25903965
28172328
2748065
28315176
2764190
2807918
2850224
40043991
3138179
43039257
50138604
4101911
4113371
4117160
4327052
4851806
6740072
14594426
26993918
29893319
31129076
32664428
1191855
39763355
41506049
1569387
1794420
1795683
1798053
1912551
2129913
2171343
2274588
2374761
3319320
48243914
3465132
3813753
3868890
3948492
4067271
7666488
13434675
18524937
26986959
29177172
32279388
47459048
40631595
3523616
42748704
43490985
6628850
43755449
45114201
1669079
45797823
45836262
47766372
2093783
2203721
2660423
50055135
2854202
3394532
52258977
26813807
54098430
3625097
4089041
1100720
1234475
1265276
2299911
1434110
1486673
3696819
2165573
3761955
3580724
1454925
1332086
1334840
1719972
1674575
1959527
2713626
2411420
2470229
2521421
2744592
2887316
3234725
3506754
3736968
3883317
36470369
11124333
1267931
1315286
2664560
1473624
25356986
10556078
1130466
15560264
2777735
1561808
1656113
1751790
2759117
1453985
2338826
3472797
15419486
1043535
1663877
1901267
42150509
20237648
38345649
1221911
1765727
2215125
1531311
1743438
3503462
30001841
1872803
1629126
2152118
40157580
1553058
2755886
3313400
1181433
3734225
17901356
2591961
2649357
3119535
4551351
1357775
1219440
1225314
1644287
1689273
2146331
2214230
1885110
2266371
2874300
3538649
2955003
3644628
4035191
4242324
4393116
9550527
15014793
26735613
47452175
40195962
46177527
47541843
1188945
1553163
1620681
1642578
2134359
1170518
2611047
2740407
1288649
1318607
1320869
1349000
1456754
1457927
1161741
1175091
1941831
2334075
1574864
3415893
1624127
1697918
1799345
1820474
12582876
1849547
1959722
48863238
44790318
2252633
46696758
2279045
2295485
2317472
2398175
2409671
2903448
1482885
2488331
2489057
2520821
1777080
2549693
2624054
2080452
3036308
3159194
1476552
3287882
1863732
3384218
14188332
1739769
3500399
1017837
3518183
1026366
12359930
12931295
1060617
30321575
37933145
1002476
1168182
1174620
1209633
1219680
1223451
1092908
1096298
1101893
1109213
1306824
1349385
1207907
1378413
1505808
1223078
1581042
1229444
1616397
1720116
1268120
1862130
1963398
2023731
1333127
1352072
2196426
2221341
2424762
1589930
4415501
3319671
3349152
3410583
34914662
3499806
40370189
3900294
3994950
48710789
4186179
4723941
17402691
2497523
1212951
1261698
1270350
1283289
1331730
1436772
1666521
1709574
1994331
1363937
2627849
3004527
4168046
3526377
3921246
4537419
31654602
33329202
2660723
46068984
2605181
3467657
4351094
1487778
1271664
1563234
40933775
1020620
2556801
1108976
3481860
3553047
1205831
1216775
1421123
2457182
2236905
2818611
2521892
2973072
4823774
3167580
15850649
1174562
37855878
29635041
1088153
1092746
6066303
3163326
14729064
1132241
1163411
2548452
2632944
1510602
3215088
1174373
1191368
1194620
1200392
2535582
3226965
1222412
2910081
1094061
38605419
1436703
1247825
25174155
1252763
1127622
1256816
1257638
1043382
1577739
2438124
1344200
1362299
1387571
36855984
1427294
3035174
1023879
1000166
1049544
1010915
1115721
1024541
1029011
1033964
1040906
1041023
1191276
1194306
1064111
1068173
1068476
1237338
1238541
1245285
1246869
1074758
1083299
1090502
1267044
1092836
1270194
1097525
1287294
1290876
1319316
1119410
1132436
1410951
1135685
1561191
1139216
1000395
1150709
1152485
1001637
1006425
1170767
1209986
1329050
1010082
1469798
1507739
1780067
1796366
2047718
1036848
2756570
1039236
2893436
1047903
3683909
1049847
1059036
1072797
1000652
1077207
1009907
1010621
1087545
1039076
1044356
1052048
1119950
1154714
1135392
1216643
1220099
1253357
1126659
1120761
1108491
1402385
1409477
1422209
1095456
1455110
1470086
1030830
1587347
1245495
1613333
1289403
1307112
1770710
1640187
1693131
1826474
1900073
1961028
1912796
2017425
1947194
2249994
2222126
2452716
2294966
2540790
2313962
2655702
2685084
2741724
3279261
2482625
2519423
3797955
4083066
2605106
2612144
2627681
4448028
2688491
3196967
1045794
1091517
4207853
1227033
1257320
1383197
1269768
1777589
2155157
2193371
2202959
1397664
1416027
2234771
2267954
2564147
1509606
3328004
1573371
1619811
1642710
1687347
1689198
1760754
16525658
1776318
1835004
1873323
2039556
2062257
47257676
2098497
2195031
4246262
2215887
2222865
28719662
1129958
3293493
1212926
1213064
2852322
1220480
1244531
3241668
1419500
1504028
2931726
2371860
1847039
2932686
2753094
3087486
1865081
1875017
2872110
1910012
1956428
2582457
1965920
2093267
3598602
2110598
2152907
2194373
2205677
2216225
2272773
3361476
2276822
2302892
2421125
1991775
2433974
2438264
2295357
2639360
3832371
1932486
13635320
3392249
23951240
24733226
3239388
2598465
2177898
3405132
2934632
3494276
3160110
3650579
2547134
1313352
1331076
1368522
3571499
3846239
1380216
1382808
11336174
3940193
4006889
2671808
2871236
1833675
2882333
1926696
3279863
3435818
2165016
2194719
2261322
2395454
4619678
2441079
2529393
2815380
2816724
2954331
2993601
3673751
3154083
3173280
3231437
3617163
1764983
1845638
3477095
2924189
2558309
1320074
1164434
4402818
3173768
9032289
1071806
1083177
1143429
1059590
1344329
1383179
1555706
2014085
1591746
1647849
1714569
1731810
1752642
1874685
1944954
1045889
2070048
1094093
2207874
2238780
2269068
2294856
1191155
1302560
2362827
2338412
2704457
2948138
3359453
4139930
47099180
1075394
2435228
1149656
1322174
1372013
2679423
1408250
1421462
2866509
3036180
3144144
3202785
1614554
3218322
1623035
3771048
2201939
4138842
2363582
4438737
4723002
4856862
2752943
2782535
9848904
2527038
4033850
13279991
4322544
1427139
1183175
1193906
1297790
2428082
2310885
2894529
3331832
3569993
3929952
1432887
2715858
4189424
39873798
4364579
1779089
1192257
1935515
1231962
1308426
2615567
1384668
1728246
1729770
3874130
2144244
2440518
2583456
32699900
2777667
1018412
1044113
2812821
3343424
3462570
3839349
40793033
1756355
4159074
2573294
4827276
1021760
1165271
32441724
2332439
4153046
1442471
1078269
1106079
2622356
1159203
1516277
1557051
1597866
1778205
1134794
1226291
1182789
1898717
1804752
2173541
2402940
2385746
3810423
1860749
1069575
1456806
2656916
2787152
1614972
2016300
3796913
3876501
26310269
1229316
47414699
3611625
38650439
7276598
41172074
2831858
2849099
4424711
2542884
1115883
1034924
2194362
3593742
1096316
1258754
1320632
1416392
1516412
41345247
1632161
1020177
2225228
2221071
2230992
2584088
1693746
2793062
3915585
2889248
2898287
3415091
3457946
3465305
1049730
3616847
3882824
1267203
13462772
15117605
1469904
1555113
32265833
32333054
1704618
1760187
2262819
2300529
1252121
2535219
2619153
35910497
4606152
43969304
1386204
1828665
1119026
1253429
1436679
1440872
1618202
1811982
3510570
2026493
2197526
2264264
2425913
4095780
4679301
14012391
25952199
35410245
2271416
2440919
1300673
1176254
1306253
1306613
1316234
1348022
1362131
1466282
1630619
43409583
1724684
1258146
1572240
3908307
1809749
1845908
1019352
1033218
1991066
1132833
2169998
2242343
1275267
1476300
1786827
2504531
1803267
2610476
2188326
2210289
2737106
2852939
2693790
2830077
35059892
2905248
3810911
3113868
3177426
3215244
3225606
3527796
4313454
4350624
3200201
31710183
16894142
40952730
1489107
3720512
2289510
3870920
3560000
3358640
1413162
3640052
2378055
15661835
1269807
2243921
45599238
29812052
2923571
1695833
2175200
1349643
2857457
1408329
1122587
1746408
1815687
2072460
2168007
1215056
1801250
2837619
43116707
10827515
3820154
1330475
1227843
2592141
4129226
3207651
1718654
6394476
1244736
51694103
1424658
1441179
51037475
1763472
1776468
1799556
36428147
1858278
1179530
1949892
1386059
1963458
1419554
2092977
2123979
1757621
2262111
1823879
1849697
2057492
2658606
2677344
2748279
2787492
2803821
2820168
6554264
3013173
33567362
41796848
26324214
1413479
33792438
33889722
48807981
3624375
2376596
4359224
6886064
9449642
37529391
3531180
3936147
2059550
2487345
1108881
1113615
1081535
1220411
1245402
1573073
1783391
3491294
3676664
3720080
3808508
29084897
41338064
2599784
2609645
3174266
3578966
1247141
1356062
3900498
43984280
1055018
1264604
34956783
1383128
1121526
1201410
1885577
1893470
1341804
1356528
1366092
1954532
1500411
1519158
1623786
3376892
1778460
2100114
2183514
2212863
36962660
2467218
3547286
2718714
3740612
4637318
2235224
2291378
12169905
15151893
3366851
48192104
2295176
1189274
2417966
47572287
48508944
1233449
1620548
1035372
2238959
1114113
17741987
1058708
1101998
1262672
2481825
45730839
2133461
2244656
3313787
3371699
3566681
3575453
1334418
2745990
35306027
1110575
1354427
41433662
3907290
47014364
49400042
4593936
15122304
33853203
1550135
40561020
1732025
1931865
2200592
3235227
2677557
2691980
16518264
17316150
47900892
1040358
1051086
1095498
3077540
3315983
3434342
2068272
3964646
2373966
2531403
3727653
4350854
4409271
4352729
7970334
29796450
30265413
31345437
33076548
39049482
40972185
2200968
11857013
17105399
47554299
2187768
2367219
30989784
40022118
37497108
1554726
1456964
1000860
35176542
1227717
1366818
3761918
2074851
31076399
2466198
49726559
2546568
2235731
2885055
3415479
1271126
1073265
1532414
2473191
2597019
2810214
2971460
4411631
3557478
4800275
5399924
39912159
23352095
31372946
1131036
43412240
43435880
1326498
45922274
52507637
1340453
1804206
1809837
1870005
1271927
1279562
1986423
2017536
2193111
2038118
2321990
2257767
1247621
2359563
2363355
1546238
1799186
2874245
3382457
2663685
1740047
2677083
1469669
1229786
2454392
4033386
41038088
42002315
1100021
1106156
1243679
1309895
4724862
4750743
7629399
1382042
1463318
1799966
1838840
2064557
2204525
2222900
2293859
2322329
2603558
46289568
2383809
2766321
2714225
2808521
34624635
39854805
41576784
2933765
2952515
2983265
3293759
48103080
48166164
48646914
3722444
49052511
49852101
2094168
4315280
1410753
3199326
1322916
1447974
1450701
3073391
2029059
2068338
2156859
2167218
1029533
1038494
3119217
1056866
1099214
1138049
1139696
1170185
3982917
1262996
1286153
4087434
1302983
4260240
1320272
2952455
3062198
3037502
27281499
32428164
1373921
2604440
45214896
3758960
2213651
2397446
51217446
1014762
1735238
2578202
2343455
1770809
1377992
1471899
1612917
2094852
2424035
1163444
1324932
1349588
2142782
2726261
4401345
1188866
1519502
41527515
1187085
1332497
1518344
2086796
1682091
2532236
2678283
2909262
3124118
4003445
36017979
1829618
49708320
2805407
2850602
3527192
1223154
1391193
4703111
25103738
28310885
29630477
1506879
1567512
1607367
1681935
42918338
1784406
1818297
1922274
2161113
2245386
2315817
2914395
2986833
1864307
3580170
2228777
2254793
3918828
4251471
4345914
3489938
3760433
39098730
1014479
1098692
1267662
1022100
1274717
1041897
1287323
1049253
1052214
1532231
1539746
1547345
1106538
1553675
1133388
1612211
1169802
1216305
1725932
1740854
1368270
1789196
1490679
1644822
1877825
1907333
1892091
1915109
1951791
2086449
1948220
2170137
1974431
1975601
3144432
3208797
3303710
46778634
3830249
1918845
4220535
1523541
2739881
4288191
1052991
1266153
3493601
3461654
2565236
2202284
2976749
1218348
2879684
2041532
1523778
2173917
2141852
4238001
2185226
2185316
2347196
2429279
2435615
2440727
1317783
1473702
2645420
4256997
40141977
3031661
1534833
4204166
3561857
2185308
2763375
2872488
25907000
50177780
3456317
1067909
1321907
26314560
1417391
33467745
1979822
34657512
36304200
39523731
41944452
2369534
14514938
2392544
2807999
4018706
22161125
28257455
31225814
39954512
44180114
1070756
3297162
2383407
1376013
1536920
2071427
2586297
3469716
4828520
11969171
33992888
1521906
1341870
3950766
1347840
1726389
3038379
1410498
3045645
1364741
2080041
2218680
1445451
1247850
1646321
2254818
1097811
1711568
1341339
1749062
3580314
1585800
1190340
1124310
2042162
1655634
1265475
1202463
1619526
2255234
2257562
2250849
1063896
3097485
2323355
2325452
2748186
1902672
2583296
3492066
1419705
2262678
2994477
1068588
3019920
1079025
1752759
2450001
1334412
1654794
1112031
2129544
2992562
2636754
3081926
1074558
3544382
3738890
1183206
1228110
1318632
4243478
1365756
4298882
4679963
1483551
1712562
10146518
1971324
1975542
2017188
2023464
17382170
24587372
2154363
2198232
2227785
2322342
35105342
36854342
2435982
2560461
46685612
47369258
2878530
48385187
2038286
2164427
3179612
3735347
2787837
4154193
2462627
2490821
1137276
2513354
1121738
1158176
1224053
1739681
1571949
1804355
2181776
2737574
3450407
4040585
4243064
48315014
1075382
1479659
1628042
1670660
1884878
2251745
2777756
4492766
1032620
3223541
40512195
1805585
1983074
48580137
2819249
1046340
3059183
1887927
1639167
1869138
1023560
2602149
36554523
1283795
1308641
1537064
1113480
1544417
1618295
1903715
1349514
2690024
1545726
2739623
2821805
1655481
4046771
4143329
44033567
1603658
3428036
2002524
2189619
1408517
2247648
2273217
2274024
2440530
2469780
2469834
2475324
4414748
2537484
39605690
1263377
1769489
3081030
3580127
3635027
3421944
3466341
4230875
24749591
3597651
1488074
1642286
48486909
1810412
23385891
2021435
2249831
3753249
3478487
15498111
3556511
44658606
3927821
43783767
4150853
4325345
4125633
4398131
46605474
14906912
15024485
15802430
10232106
27498479
31453046
34461693
14777439
28509729
35597276
37855100
40077692
40804919
41729381
4051269
4511343
1293342
1409331
4329861
1991505
1028280
2636942
2555226
48594726
3242850
4523888
39227189
1062702
41446259
1198484
1256624
1559402
1387038
3211541
1806552
4313165
15449279
2428485
3452208
44180006
12551103
46449809
30495498
1167596
1173023
1219514
1346544
1411529
1443059
1454018
1499042
1847423
30858321
1871429
3218946
2612153
2665766
28099269
3394502
3684578
4130924
1130532
2180835
1175736
11551823
13238915
1233825
1242252
2263101
21114101
21268115
1096785
32126345
1537101
1717157
3587001
1167156
1189713
1268802
1352109
1000400
1524339
1972488
1409630
2065404
1809086
2266392
2466996
1912163
2231753
3563450
3856850
2883458
2819382
1124054
43007886
1354406
1552541
2132261
1849965
1996509
2774132
2540859
6292814
2630472
3259593
1078598
3356556
4332741
29600193
1019043
32645699
3825782
2483987
3540020
1590045
1698885
1845912
2226393
45070316
2334309
2753325
4573673
3570293
3578780
3568482
4163196
4518768
9418187
1142732
38925141
1222190
1238795
48414675
49185246
1577171
1789559
1802210
1937114
1992950
2072549
2074970
2158310
1699035
1929852
2244632
2278259
2307800
2360924
2713629
3740160
2390849
3829392
2403977
2459192
2491355
31361073
2855723
2120955
1033973
2169414
2266071
3197190
1061222
1062509
1073138
1074488
13021833
15543705
1087076
35226300
1088555
41981031
1108073
1046736
1122674
1160616
1445991
1208555
1219100
1658148
1228373
1751307
1257263
1265408
1266905
1309769
2544339
1324625
2548443
2700495
1346828
1356503
1368959
1369163
1374266
2981952
1375988
4407798
1408394
32708184
1334913
1428854
1478657
1485254
1128636
1269465
1521935
1545233
1379769
1579433
1580273
1595168
1602245
1678850
1691219
1739021
1903782
1986993
2373897
1743875
1792097
4409040
4608459
1796402
1419834
1808984
3033615
1861571
1884587
1816356
1904534
1053312
1937960
1387992
1455114
1511232
1949618
1959926
1817151
1972787
2498928
3400164
2021123
2036690
1065180
1434072
1472313
2137481
2528742
2600418
2647386
2183897
2193530
11056299
2211758
2307687
2788728
2234375
1369425
1589976
2304944
2191344
2378162
2382131
2514972
2617941
2430512
2449745
4096767
2777291
2861462
37568307
39266331
39354600
1081331
1168364
1193760
1290962
1365263
1431431
1493387
1438947
1471647
1472316
1516784
1537833
1570838
1641119
1615413
1684721
1760936
1856076
1781186
1946598
1962720
1975559
2039357
2034063
2084952
2177015
2090304
2201337
2192771
2246943
2364633
2260385
2399802
2260559
2474412
2479521
2288027
2293466
2709120
2775903
2445374
2827734
2875416
2614112
2757941
2860691
3040956
3045492
3066357
1101920
3078642
11267091
1224485
1234118
1044324
1241510
1273001
1353314
1091964
1410374
1426169
1466630
1098573
1104123
1531502
1543448
1140948
1663901
1678226
1751165
1814132
1277514
1865210
1874681
1875329
1885031
1885232
1371198
1891529
1935095
1414314
1961756
1431978
1440264
2020220
1443096
2022686
2048201
1448793
2077745
1476876
1524405
2161307
1547688
2245199
2316317
2348168
1670151
2513495
2564657
2594873
2646809
1084748
1780809
2040827
2713619
2767523
1912173
1920873
4415216
10026860
1941354
1949061
1952763
1958502
1555838
2013465
2014557
4054598
2032782
4417553
1445327
1460231
2061291
2084556
4024910
2088111
2110347
2115237
2156184
1465220
2043578
2174007
1296962
2177715
1402469
2232794
2214015
2216592
2218734
2224917
3633950
2238132
44579570
2283756
2289468
2396595
1050185
1132100
1170248
2547795
1243334
2612460
1306646
1373024
2763333
1405112
2940819
1444790
1567067
1596848
1139778
1145961
1147602
1623515
1153953
1642862
1168281
1704797
1195014
1203330
1901822
1996607
1258950
2141657
1356369
2183444
1388718
1449027
1522608
1567485
1583673
1603317
1666935
1683291
3300647
1688283
1767063
1858602
13186871
1107239
2113890
2235648
2252820
2510840
3478331
2295132
2355312
2364525
2470770
2710755
2762748
2860431
1089069
1303109
2315552
1183494
2464238
1202190
2968139
1225749
4556168
15230648
1319007
1357719
1360428
1425035
2733497
2947349
3257297
1436532
1459581
3479114
1478922
3715559
1655499
1715499
1803747
1804818
32162585
1815039
33927419
1871766
40462205
41249084
1118396
2098968
2115297
1285526
2187291
1546277
1622795
2149643
2230455
2247443
2312939
2238693
2245419
2250654
2615024
2256378
2278257
2321967
2410089
2427747
1223373
1470855
1194671
1571574
1201727
1292336
2298165
1538402
1543388
1575683
1614158
4260573
2055080
4835250
2192732
2545775
31180188
35670504
4094615
2419968
1242743
1311470
1240587
1366095
1374791
1596240
1625001
1390472
2218059
1411562
2574405
2806779
1432676
1462319
3913050
4650192
2076977
1295334
1349139
1965516
2644811
30731475
40846872
3511751
3658614
17312460
35234052
41133687
4005704
4065479
1120686
1128567
1158627
1221720
1036895
1251039
1285125
1340889
1159673
1380966
1388553
1172555
1432353
1308602
1577664
1611795
1731660
1861971
1943946
1528502
2084502
1817519
2710992
3027984
3117966
3127089
3148083
3215382
3218688
1203839
1236155
1262663
1324349
3372258
3406110
1407452
3897471
1580600
4541334
4551411
34870800
2391083
2516531
2904827
2135739
3250604
2242719
2701179
1551750
1650234
1842366
1703687
1730255
3306942
2086658
3897134
4007109
4830179
1242972
1353390
1544352
1759041
2310177
2682063
2825687
3477543
48297011
4040400
1365590
1733282
2004098
4477032
2485064
2704394
39317622
4359926
4531931
4554929
2188287
3513336
1095143
1895985
2275617
2168103
30931683
1427327
1052598
1543574
1586132
1611593
1078560
1144089
1696388
1297647
1350384
1843106
1428759
1536315
1627173
1974317
2058695
2087849
2093741
2108369
2393369
1082994
1107909
2561366
2609048
2632715
1226175
2779508
1261278
3166043
3198956
1632666
2481504
3688188
3785154
3844236
1657346
3050042
3108734
3326363
9075443
44857247
2568938
4463672
1156881
1159656
1191017
1206189
1611653
2997827
1308945
2090507
2348297
1565136
1824057
2266200
2415024
2548479
3107433
3315543
1895018
1043775
1078596
1310184
3266546
1860642
2034231
2231121
2466036
2591694
4263623
1271714
1247852
1597229
1781702
2014958
2148140
2503043
2525636
2556704
2830460
41618733
3042587
3314471
2424936
1434969
3424826
2216328
3579689
3894377
3900032
3990128
4003517
2880936
9608330
3594201
4717494
15396501
25324883
40848927
1018581
1226712
1318077
1828853
4819751
1660869
32560457
1659437
1549010
1770035
2966600
2307441
51571538
2310573
1068170
2375886
2422839
1228370
1473935
1485746
2536508
2602425
2667537
2700377
3102494
3335810
4231376
2746869
48858245
3013287
1577108
2021615
3265094
7521500
4455330
1190786
1226189
1240460
47778195
48604005
4310285
41130564
1417733
1660544
2186699
1513503
2384123
41987960
1055807
1057349
1944288
1113572
2845827
2912628
31435368
1253159
1257002
1259459
1269470
1274672
1308488
1692057
2963670
1375307
1425881
1170150
1259031
1499741
1525445
1429872
1533179
1430079
1576698
1659641
2010597
2043591
1841072
2152197
1955081
2309856
2328555
2076368
2104199
2137592
2167133
2169086
3469830
2208083
2215337
3671037
2259908
2262938
3821058
4161906
2315852
2317706
2334794
2489393
2505761
2547311
2570438
2571707
2635415
1149378
2321844
2701529
2704898
4220547
2727284
9578940
2134371
3007205
3027317
3032198
2371119
3046139
3160886
3340692
3585731
3811226
1663671
4388711
4641668
4897499
36531680
1267617
1139798
2123930
2868687
5707928
3309303
3688134
23900378
2978670
1023870
34006589
1156395
2010977
2645993
1306913
4154046
2571578
1383423
1599525
1293966
1011564
1123094
1189001
1340360
1042581
1341263
1126965
1568090
1791800
1153485
1474911
1936752
2961618
2658104
3319908
2672741
2754098
4377858
3423812
3606704
1981320
3659174
4204829
2369031
40519668
4508900
48200667
1046487
1182069
1185186
1216845
1248825
39154565
1377420
1378716
2115584
4437761
1653855
1669368
1683093
1166765
1729668
1775430
1626920
1818399
1861383
1866306
2069556
1489766
1695086
1715240
2220966
1737287
2225298
1933139
2099378
2279394
2288679
2312034
2313753
2219267
2238749
2258351
2386767
2461221
2296139
2469123
2549391
2602065
2698251
2702685
2672174
2750114
2860232
2793177
3258869
2971941
3767795
3245568
3275307
3407751
3588699
3529764
3892004
4238675
3620547
27213375
2320944
4685417
41327724
33975723
1715424
9204755
11175836
1719936
37797470
3113082
46232042
33293105
2122671
33228803
47594780
44924519
27041231
1633548
32011265
45508535
1827036
44543234
43659209
44001185
41909711
3045957
30032600
3228252
3576498
4698105
4743444
7751142
30271835
30397400
35646972
39983939
42959331
41082944
42865343
54013302
1186155
2245653
1203716
1204817
1196034
1223714
1248365
1353977
1371785
2231355
1401083
1021764
2127726
1451276
1498073
1511024
1752014
1882212
2017718
52034163
2153718
2384384
1044318
2387027
1121253
2492474
2555030
2562662
2580284
2587088
1691301
2597414
2610137
1776636
2638895
2025438
2703377
2708585
2731514
2479512
2543946
2762589
2894504
2911775
3099410
3184067
3343968
3348893
3413945
3744801
3456920
3923079
3575585
3697466
4299219
4682433
3850184
3870761
5876364
13015080
4184093
4235582
15917727
4593605
31013943
34650957
19396043
41252244
27404309
42682047
1099577
43602486
1595909
44343807
1656626
46412790
1941530
2013065
49087953
2261456
1097448
1107000
1173909
1177488
2058512
1178508
2076179
1181064
1204737
2280587
1236396
2663555
3108356
3746483
1388568
15440906
15933830
38351027
1465941
1542861
1608927
1678974
1146509
1680003
1194131
2602028
1706214
1711461
1746711
1791615
1817634
2302952
1877385
3327044
1937139
3818615
1949292
1986123
1001981
1166642
2080998
1208825
1337423
2195760
2218503
1969094
2269106
2441519
2299233
2642624
2310585
2353296
3535688
2445651
2499207
1364765
1370987
2552133
1531319
2680497
1551683
2690493
2709909
1687823
2714934
2751141
1800662
1805045
2767656
1907621
2795319
2191223
2815068
2829015
2854716
2279933
2288378
2867790
2948757
2966712
2998473
2475551
2511605
2645138
3193971
3016565
3019169
3046328
3125210
3159209
3300147
3337110
3453236
3443643
3506234
3526227
4154357
3841290
3903390
4272353
3920769
4320623
4470581
4528274
4129635
4550204
4594823
4634213
4728563
4662075
15407664
28276935
28528296
17583527
1168665
31075097
1475169
2303649
1016357
1224533
1244864
2329821
1254395
1180410
1359455
1225107
1365890
1368089
1304730
