34167888
47177585
1130987
1209871
3805798
3123698
3018683
1750416
46325577
4155920
2096217
2692743
3556269
2874400
2261600
2217217
2660235
2752823
3842631
4470841
4561838
3796602
41570449
3801814
3066192
4149840
3286460
1559798
2748321
2753552
4023190
3117182
4231169
1269028
1388320
1826946
1887272
2146782
3201074
1210424
1576152
46259263
1250330
4396839
17708722
1029346
1272652
1498050
3031307
1831235
4745548
13879032
1632864
2669594
29824711
2741890
2763024
43192795
1279121
1054378
1287256
1994976
1751553
25513478
2422272
9505097
39911092
3846374
1354605
1436091
1687621
1153668
1748989
1812903
34709086
2282925
4359956
3195409
3303223
1574468
3762300
3547489
4052050
3971493
4237165
4460469
4416600
38358223
15552224
30625195
2844603
2016225
1098667
1130774
2212089
1427113
3414631
2183478
2662633
2724235
2875117
2507576
1291871
2673222
5031227
2844320
2889862
2402653
2673197
3228950
3371790
27260017
29483717
36099867
36587529
3760298
39344641
46829331
13255088
14945602
4226325
1569419
2013809
2262153
2325603
2847197
2927557
3077189
35087032
3500943
3693139
37957108
4326871
12104857
30233859
35686947
36699919
37513259
2064229
31475652
2167699
2186807
3909268
30893546
45675876
3876083
26373003
43319255
1137091
1255637
1288977
2185112
2202568
1747977
2252616
2308410
1798305
2722312
2116269
2413165
15651636
34032450
37626922
3062173
34239232
3212977
1126646
1963828
1171413
2497786
3607276
4590244
1433247
1836637
1954939
2140509
3029805
3136498
3573820
1502504
36235357
2015494
2239464
40606679
2734828
1577911
2187107
2260811
2286127
2490651
2871027
25979308
3546812
3953876
4030780
4612324
3710742
1148727
1374142
1821558
1425703
1822261
1878559
2625368
2654242
2803782
3551846
2371013
4836762
1563616
3494827
4096309
2250170
2556126
2598604
2610026
1320351
2772142
2916146
3178628
3475562
2605203
1691208
1010524
2616834
3634421
4232684
4391600
12240884
14457100
15759630
22234406
30236852
33208514
28356235
35656623
38885321
35416158
1692801
32698956
2158357
2175995
15472479
46594963
3285351
3415057
2253270
3783792
1365639
1969496
3675600
2254859
4554850
2409816
3127327
3194237
1479414
2375816
2157332
2993190
1044515
1226412
1004236
1284380
1310622
2624771
1897002
24256305
27409241
49349279
2844566
2910318
2935058
1310082
2602996
2550641
2631029
1835814
2152532
3172543
2759594
1335309
2157775
2470901
3290567
1403987
21174530
27302690
30316676
1264241
2644257
3252113
48492578
1557077
1598524
1756197
1773861
1830144
2364897
2545727
2320468
2643095
2644559
2718735
3100055
2705424
3365499
2959374
4049721
3252570
3540800
4233335
3674826
3844152
1338351
3925834
1536395
1592927
3954188
1986183
2064621
2843709
3311237
1106785
4213420
1518809
4721080
10317956
37485882
1285311
39687732
3585661
4160679
1269091
1398505
1418607
1466669
1588081
46862968
1767113
2119751
2129237
2147525
2411353
2505393
3508835
4244103
1139875
2552149
1018388
38327481
3387823
1479250
1580202
1666468
2093915
1756178
2572077
1778402
10488971
1036143
1980866
2096469
2196510
1496587
2321020
2322785
2336472
2990247
3334519
4728673
1401029
1417595
1520655
37660706
1939188
1906849
2136895
2222841
2835104
2486863
42185738
2651299
2713731
2733409
2739265
2934473
3354999
3364621
3368237
3500201
1778050
3603363
4204589
4691311
4787801
8334979
3008034
27603711
3600192
28906117
1270069
1362827
1738048
1113818
1158900
1369500
4089115
4275627
25854446
2016139
1231381
1316891
1190522
2313713
2868305
2082310
2452978
4316845
4732873
3685816
3575660
33972111
34312669
35837852
45237091
45120138
45448846
1427602
2327123
2662885
3954475
3981833
1315447
1787083
2101283
2215683
2690983
2630608
23366780
1561528
2994971
1793654
3316965
3962504
3543040
1845479
3496440
44162741
4606273
3513949
2133529
4716678
30883905
1449377
3254403
1753666
3607784
1167361
1120760
2718635
1432250
4166934
2490347
4042265
4220416
1195220
2327427
2377299
3369469
3499239
3510149
4471018
4532644
1047584
2211752
2540466
27713391
1207847
1291240
1304732
1670671
2078692
2218024
2427906
1714229
1920521
3054490
3500174
3026435
4013482
4200058
45815123
4473194
11044730
15584796
23865292
37800720
2140905
1466386
1540296
3996147
1691986
1914458
1996878
34905639
2064134
2091440
2334550
2744690
3125725
4116443
3406768
7652421
24261163
1971588
2329316
33544921
3042996
22310418
47452377
1086596
1066314
1826724
1965418
2716808
2716978
2821778
3121444
4382714
4544420
7926766
2278927
43782895
2562948
2966106
36485320
2572769
3368208
2189000
3384101
2739658
3895043
40476867
10762958
43891539
44765759
48063751
1134726
1433626
1452117
1459722
1812950
1114171
2270362
1905099
1972253
2334782
2071979
2402990
2500861
2450340
2565139
2583889
3131855
3213669
4367312
3583037
3862073
4145497
4155411
4537801
4706093
4801687
1795176
26610137
30173423
34463333
35313791
37728507
2218212
2348290
37910315
3283534
41796919
41888169
42114207
4134910
4215542
4547684
43684373
44452749
44562091
46356386
46033967
47388302
48314802
47868101
48514871
1042318
48834247
49019301
49160983
2361960
2384114
2660450
2698220
2829944
4188686
51023275
5468600
52139913
1414822
2726480
3432078
4423600
33044890
41162562
1177091
15025848
1117512
1252908
1589231
2198484
2378012
2161031
3354816
2162715
2375175
2551097
2598073
3652614
2846233
2850483
4066410
4030091
4213967
48174092
53842847
2599630
2723468
2030194
9663391
1719884
4867875
2779978
3132382
3694002
11771371
31337790
17691387
50399410
27422927
27609993
28836759
34670277
1817930
36340239
3589016
38681785
3493484
3749624
41833373
6994138
45023735
3690072
48785209
49137017
4644976
49413795
49666123
2905736
50528773
51556243
52195971
1811834
2349464
1354596
1330095
1614401
38636250
1911615
1926199
1437244
1480002
1759276
1889668
1895030
1944548
1995080
2006764
3894417
11611809
14515351
2616784
2647752
35107213
37362749
2867112
39993361
41453485
45794907
1150208
47083325
1525796
1583252
1880936
2055560
2182896
2369874
2553744
2678842
2695848
1233841
3046240
3160288
1879135
3201132
1950753
2071301
2313903
2415921
1275898
1333622
2629839
2745645
2829261
2939547
1617192
3535861
2576328
3646593
4479398
4052055
4292545
27527634
4346153
4746213
1368212
1725728
1887538
1960676
31017405
33160985
33844563
3330626
35504525
4641942
36071501
36493923
22867648
37649157
40053631
40179697
40674995
1179664
40848969
2655290
41538039
41878891
43106697
44260423
44836873
2761636
2782544
3016324
3886684
47126385
12748832
48548755
1085414
1286768
49347813
1668626
1957504
2043560
51119421
2136190
2180956
2193336
2283778
2290038
2503610
2629200
2772304
52389563
3272976
3656336
3705806
3865886
4138540
4799412
1322451
1466901
1473581
1188972
2189065
2212153
3576871
2781688
3639374
3315681
4167196
31929609
4224118
2364286
2260103
37997898
1299862
1343232
2826911
2140650
3270223
3318217
3457643
2505376
2537384
3171646
3931539
3503824
3522180
3884848
3896896
4236190
4474235
21104884
4903665
14582739
23133435
27920463
32264179
34706365
37137585
39076537
39615887
40478529
1263534
3255214
4593662
4284432
46267087
2553160
3304284
48043307
2676546
3000946
2135666
1563554
1083668
52733397
53846241
1583600
2175416
2190098
1312273
1403333
4231922
5932814
3476425
3693963
1678160
4363037
2558924
2702624
2812082
2903066
22437409
3263876
29153501
32470239
42559581
2873162
4220486
46649417
42230010
48356683
3303098
32486532
1731826
2288868
3261956
1236719
1306053
28526280
2376172
1437719
1461929
1594165
1683617
1755645
1780693
2232783
1418074
48763738
1943040
9651754
24983736
38785786
45801078
45920944
46503864
47552832
53802382
53835874
1413394
2323646
2652510
3251170
3813844
3921430
31232352
45401002
45673712
46023936
1594570
4525386
1066544
1465746
1897090
2896428
2938046
3054514
3563214
3571006
4133616
4440786
4599434
4823830
24704642
28500804
36061596
37960324
39100618
40821936
42175128
44275110
44888850
44970776
45217316
47175356
48332672
51360916
1209544
1606374
2212018
2245884
2249016
2703480
3396340
3412254
3474646
4292924
4669784
16436032
28518284
37116566
37492810
40123500
40476308
41923882
43761132
44847932
47276338
47906796
48763768
49219970
51415000
51760540
1898964
3501886
4532386
27325398
29197434
37183966
42574590
46172524
46419448
48962712
3879854
1229188
1338442
1399594
2244212
2315856
2653774
2845656
3614374
3889980
3898032
3910910
4865582
7988318
16635464
17774170
17886400
23699956
38956092
44861040
46351566
47205828
48049972
48568386
49676068
1779028
2051458
2311018
2621680
2639702
2724844
3526116
3566652
3853816
4067192
4207416
4265610
11416860
25661810
28795742
35154510
39823000
41742548
42257630
43809298
46479164
46774118
50038672
51310332
52657972
53754794
2303022
1512774
1527216
1712328
1722970
2796824
2946500
3908010
4118860
4160030
4410152
4535684
8832484
23583536
26992344
30250006
41334866
45156186
45894866
46699108
1032574
1342470
1796720
2031856
2127684
2246784
2419040
2539596
2548420
3070236
3146260
3536846
3622620
3939042
4210136
5999554
6346018
12755142
14327426
14421632
32051770
41665494
42003174
45288642
47686416
1187294
1431714
1826310
2202724
3568084
3602336
4231960
34556672
52952490
3293500
3389606
4579326
42298686
44191188
45809058
3698170
38649474
41789896
45784306
47313504
53417740
54175070
1277646
1508134
1695770
1754430
1781896
1938840
2043074
2199906
2214370
2241024
2360346
2554850
2763896
2775104
3002058
3278476
3550518
3624028
3720028
3779636
3798088
4264968
4349608
4375070
4398032
4447826
4519798
4745442
12630636
12958820
15671076
15891648
25426826
25822794
27720592
28522968
29405204
37793998
40780524
41070680
43063924
44358132
44484100
1761098
1196554
1196702
2380368
1317520
34028350
47821696
1540776
1214494
3874720
43996102
1319042
1335314
1730686
1826124
1967314
2208534
2520012
2762718
3174984
3536114
3734634
3954546
4355630
16462028
25512128
31343670
33708260
38727460
44429264
1203836
1324930
1434122
1653798
1659992
1717332
1788666
2139552
2153720
2192538
2216142
2230074
2254310
2353548
2557666
2647318
2848816
2874554
2902884
3008442
3457412
3586328
3655138
3696894
3698174
3698424
3840904
3937266
7560234
9976036
10486706
2428152
3223942
3588114
3603466
1585920
1883498
2156332
2335518
2751868
4015488
10834622
1692342
2268778
2274854
2521736
2804978
3150776
3228668
3460544
4116018
4687352
34061020
37873198
39337364
40840922
47471806
1140942
2469954
2073830
3737694
16648574
1969672
3054834
4231858
2181346
5602194
1385484
1515774
3116520
37349360
3065188
1265958
2437278
46534268
1473142
1504670
3075556
30149070
38899680
44469392
1111438
1520976
4656338
1469598
4186536
2371578
2584206
3090864
3148626
1066012
1341202
2549030
2584706
2674688
2817300
2868506
3650030
3947242
4114918
4277782
4279532
6628998
16871294
25664958
27181326
27724814
1936750
3241132
36061206
1068576
1819470
3442972
3658918
32289586
45650726
2867560
3649014
3828404
4423366
37227872
46856558
50259236
1748086
1972228
3751192
1193742
1404254
2229926
4221988
3379406
3267470
2699434
3104202
3225150
3705314
36754440
3993614
27913421
44980015
45136911
3854744
45889337
2411067
1890512
2687945
2750765
2813841
2913027
3081631
3226053
3578515
2326976
4218788
4006038
4589021
4659441
31145965
4249592
41171055
40408860
1563071
34811196
2116723
2565741
2897103
3196307
3441511
15152322
4573327
1548006
1727986
1920934
13155641
2210760
31928767
32439501
3503644
47557765
3953848
4254624
17987784
51678361
2241087
2015650
3164169
2267837
42240896
52823812
1228368
16751855
40814747
2475318
44616031
6573804
39211957
45298723
13971657
1587551
3764749
21771541
43319298
1160927
3026583
1198534
3625423
4221501
4648015
36226995
2372082
39577341
16778874
49846101
50984059
2160406
1139147
1205657
1290253
1323147
1272616
1571967
2049200
1631241
2434922
1736343
4451944
2097959
15345120
2226145
27463834
2377913
38647486
2425407
2476835
4726154
2622547
2625805
1430032
2673727
2685817
1704660
2840261
2207652
2997309
2535960
2588386
3118107
3174475
3204973
2837124
2889986
3436691
3445915
4315798
3713437
25373000
27780842
28743100
3844823
32911362
3945611
38349358
42144598
43433658
4475323
4494977
1058672
1247810
1304820
1413526
1521636
1730120
43251977
1906296
37234027
1985914
2002554
32083411
2117922
2324270
2347332
29850073
2825416
2882752
2889932
2912514
2963246
3038400
3213502
3312870
3320836
3360740
3480100
3623760
3759952
1196613
3955096
4069200
4070970
4220288
4360326
4855162
6825502
8476050
10822986
12043588
19406414
26102154
28639198
34254356
35695044
37311082
36433687
1650949
21768271
1000182
1030856
1351473
1397749
1056212
1483925
1574123
1657905
1758317
1781165
1781859
1274118
2280783
2448399
1308320
1321138
1352838
2627649
2725959
2839451
1499902
3327211
1677690
3812507
1807748
3980635
4017447
4219109
4308305
4391487
2161902
2186072
2235780
2286814
20695913
20982701
2286908
27560437
2503420
2603686
35225713
1189479
3701630
1244825
1509119
1527581
1541151
1785709
42922710
2043235
2233433
2243131
3519436
47351434
3833026
2562533
2586047
2734963
2795479
3022075
3515700
3614710
3167077
3181403
3377235
1261444
2894980
1233662
3573019
3638459
3686311
3693725
3719639
1622742
1915826
4028143
2656458
3772308
4342065
25117317
26903479
1087161
1691280
1905093
2492404
2298617
2445775
3137237
3881290
4063094
3635075
4700776
2710019
4549859
28670514
41620606
1266834
2217748
2960123
4098896
4255804
41585647
15994680
1318543
1965159
2265859
2463791
2613235
2437606
3018124
2765547
27932464
27214625
28919738
1008790
53486431
47237931
3382429
1150434
1665268
48884199
3597056
33572820
2285598
3760927
3666181
33708271
2186528
4136317
11825739
2909047
4441293
4230252
4715708
17274492
1510053
1780361
2568066
2605392
1329501
3762040
42213298
13754589
40078176
2417452
4340561
3590032
2615305
2788168
2200032
39663981
3248139
1639802
3462843
34417075
1354942
1409700
1493364
1499096
1499950
1784684
1231473
1239779
1890870
1531083
2245477
2159256
2163632
2166582
2191520
2206042
2289462
25635711
41323425
2438970
2492654
33326885
2520244
2623858
2086869
2695930
2714944
2746664
2803472
3037190
3091212
1669993
3258802
3374910
3493969
12194753
3478146
3496668
3528392
3553724
3557896
1980283
3645768
3655318
3686922
1080861
3794296
3885504
1297389
1562869
1565133
4199480
4233370
4834404
4875738
9929594
3439017
21922940
27583038
1087388
1304168
1347392
1973276
2344584
2407088
2769494
3224640
3273964
3816631
27945074
28565058
42276832
1320124
2821406
2958802
4403145
3830296
34934388
12888725
3233702
46817852
22257439
24805911
49214734
2650072
3008936
40735226
48929710
3569002
3792200
32343310
1675083
3850683
1451108
15828809
34734665
3505252
1065276
2249303
2377127
1192642
1242560
1339054
1760072
39951763
1838678
2019308
2171122
2568993
2242910
2295730
1127401
2515494
2651092
2664160
2748156
2787172
2866452
3374950
3416992
3725254
52206509
3881014
3896912
2486255
4053276
3715531
4331356
3385905
2970765
14922493
27385408
28351282
30254032
38905124
44238604
44827844
45736580
48618676
49439610
4159460
1046063
4921372
4268680
4220552
4320967
2500148
1203747
1446917
3312728
2372889
14432338
1597230
1662812
2101526
2201818
2327798
24995725
2449020
2710666
2730606
21556459
3160156
40148860
33571473
1039718
1099470
1270436
1433116
1465314
3169837
1573264
1793720
1824576
1846124
2101006
2521780
3076678
2181109
4290802
2259003
15009612
2319221
2423749
2777573
2787465
2922499
1707778
1811506
1821362
1825026
3354621
3470711
3573495
2197094
4040019
2443762
4166739
4338663
4766325
4777225
3326136
3407112
3975932
15737225
27881673
16882226
37556746
2880068
3254922
2421996
2742996
3770153
4208551
39403928
4785103
3562020
42538914
1373184
2204332
27084814
2755468
34210478
1278086
1613068
2045248
2221038
4267696
4303790
18407398
2187787
2394833
3952235
2148519
2248965
22436792
34228943
1477005
1514911
3336031
3562892
3516625
2308894
4220500
1235345
1390671
1442763
1090754
1901173
2184135
2308905
2645651
2959371
1343914
31073779
2241742
2361036
1958666
1736363
2394972
2258483
2836884
2338761
2770750
2651215
1837888
2863449
4220586
3791961
4624601
7922299
17585275
1437058
24897907
27300523
31347729
31700601
2318112
4047388
36759547
43752216
39958287
40484219
1370982
47211181
48334873
48351749
1948576
49144241
2192070
51907251
2354648
1117417
1498254
1342639
2353720
1429473
1451609
1452357
1666889
1709893
3806986
1912811
2493436
2205713
1981324
2330931
2369764
2438076
10017510
2592655
2627073
2643707
2700315
2735749
4220594
2813985
2849461
3000935
1330026
1387316
1387818
3327835
3342637
3372157
3403505
1589886
3698445
1264690
4242137
4359955
1392276
4424927
4486782
4450205
4474215
3024064
4559199
4628563
4632729
4769255
4812033
1535226
7466199
11578337
16547213
1379032
27166109
29472489
2358072
32657471
2722654
36977677
38399127
3722506
3941776
4335644
42334553
4793526
6392460
21133994
23309974
1031189
1109941
1232781
1354437
1395601
49394350
1476169
35866952
1517329
1528009
42415038
1613155
26481580
1895755
1961331
1992653
40249658
2157371
41431634
2417949
2439411
2445557
2256622
2472051
2525233
2631591
2968662
2680487
1804098
3621974
2745949
2173308
2867051
2449360
2910819
4047572
2923559
3274903
3396605
4015107
4018439
2121787
3501719
4353257
4626951
6673301
27279993
3087764
1541122
2403140
2708218
2863868
4014456
15677892
16409686
14408249
4474963
1863859
3299417
2107656
3185950
1070216
1466426
39650007
2111952
3035228
26557948
33150290
2097299
1142648
3563723
1243720
1422572
1611526
1015747
1721540
1238537
1342279
1740470
1905014
2155845
47314393
1227813
2277210
1921561
2320544
2332162
2426289
2691533
2683776
3588477
3768601
6412393
1128945
1356963
34679124
35668540
1157141
40657148
2223907
1672614
3464300
10464792
1269532
2928151
1814258
2064792
2144030
6023153
4030130
35928519
41593935
1382541
2790109
48468703
51541763
1905634
2168569
2011174
3144343
2067538
2077358
2297160
2307668
2669892
2756348
2850626
2869096
2889328
2029925
2971364
3137040
3179128
3196924
3797066
4283223
28336677
28526019
4032042
33818527
1993115
14763061
4308076
4545742
4592624
5680478
4239051
33544208
2201275
37430274
39787684
40847344
41007106
41040836
4613561
43111512
29682341
45390810
48929755
1243965
1771913
48556498
1531181
6246431
1625566
2548722
2670666
3294533
1108811
41482318
44111642
1249315
47957512
1309841
1396129
1466973
1541279
1704167
9791118
1832559
1871031
1995339
2177803
2188065
2216913
2256741
1993394
2352765
2632813
2652025
2656667
2759463
2788741
1468006
2814669
2834435
2835777
2929197
2443716
2991993
3105665
2568290
3134861
4515476
44053022
3274425
38086052
3404547
3495797
3693817
3762441
3855963
4278554
1020652
3922881
1059338
3931845
1296936
4135929
1375352
4206147
1555372
4285231
1665724
1686448
1712422
4496575
1902250
1996130
2007574
2076594
2078374
4844527
2296256
6532285
2301090
2365060
2402858
11520397
2584260
2606886
2689914
15415119
2711234
16519753
2813876
2858560
26830479
29215887
3014982
3178798
3234312
3323324
3371308
36248189
50770975
3459164
3469392
3470316
1380039
3617008
1503609
3707762
3859950
2346527
2418585
2531951
4101112
2641503
2753875
3255301
4424118
4539996
4616514
4683335
5687740
6852268
7199120
49215205
1189439
4070981
41053573
49017227
2486410
3277978
4631292
4903212
7411117
1001406
2831870
40817366
37565325
42057995
37673496
46194459
1991915
2414625
49110186
3681145
2399007
2404037
2481225
4031309
4680051
26823084
28364207
37515832
1527654
34406076
2191155
2790593
1158093
1223851
1389337
4528131
41449087
44566332
4162431
33904265
47500738
2059031
2703800
45834348
2187353
2330465
2228265
2136519
17620752
33750687
37037560
46610482
34356201
2300272
2009711
2609610
4185513
30562593
2673194
35584677
1835305
2793687
3742904
3187773
3994132
3994271
12979451
27432489
5372142
42294859
9266074
1417517
3548835
3528191
1557385
1787435
37064444
2174465
39570164
33591511
41162828
3560421
42370766
1182503
48198183
1142891
43255020
1199519
1232257
43609260
1313519
2035981
2669235
3050889
4094725
45660712
35988949
1043597
1052249
1311649
1342695
1349765
1419675
1441213
1542915
1642013
48368156
1815835
1824791
1945883
49052270
2022413
2054261
2140785
49604202
2228907
2495589
50089792
50160860
2919345
3273309
3643739
1047639
1981692
2224554
2308974
1957863
2369632
2639805
2672516
2655549
2763677
3104252
3167019
3219694
3305324
4240691
3755968
10669919
4111272
4274024
2943889
41732339
1131303
1668025
14032722
17630358
18638329
25568140
1457711
1939973
2076331
36643788
1421767
3505207
23331851
44713022
2312771
45158862
4749185
15320259
49437486
4144287
3991102
3241168
2003331
4124716
1483856
3212593
3471581
4059425
2464824
3445118
3659775
2173761
1037946
4015055
4161984
1883956
1083362
1604261
1302932
1460862
1468958
2333205
1791812
1967272
2177540
2210230
2239438
2714087
3267473
2736960
3133960
1191695
3262786
1570321
2266301
3723702
1171545
4409196
2307521
36474272
1071416
1231735
1221026
2869372
2913788
4011644
1920241
1944359
2439856
1239670
1476686
1625788
1872632
1941478
1981340
2423706
2489000
1947021
1109134
1172048
2163573
2539580
2597354
3740641
3914069
2074544
1610544
2768414
1411334
4233763
1593238
2705150
2706314
1580974
2205984
2429032
1365687
1431641
1316688
1357612
1388060
1611528
37213801
2291299
2661862
2748780
3181252
3193924
1194231
3347544
3408682
3985488
4098418
1760711
2663965
16641060
1801269
25294254
27188358
3192895
4204545
32590278
37868594
40199088
41353218
1917217
1420675
1553843
2316823
3117759
4365923
1247082
1665011
33325369
35052837
1430026
3164197
1536286
1630008
2230075
1751404
2240063
2326992
30250661
2915990
3237278
1748947
1000956
2495007
1302128
2542982
3575944
3139201
3221617
41169948
3531391
4524382
1575490
1681950
2229556
2041575
3846831
3366800
1437647
3576266
1025099
3641778
1286373
1543511
1965777
2057043
4610534
2128749
3178413
3204107
4686406
3356191
4093497
25306392
2412119
3378981
2221679
2691945
48746441
1188427
3664696
45602670
47858494
1730537
2047333
2438269
7262738
2616519
2691287
2845677
1389292
3083939
1393970
1518840
3241871
4028735
1744090
1891584
4396169
1929968
1974550
2020560
25205279
2280810
35175399
36003643
2426736
2469370
2191907
2708507
2627850
2646122
16908297
2694074
2755276
2880868
2991300
2529565
3645466
3714354
3734664
3774060
1353395
1664865
1715935
3962636
4120526
4331440
4336808
2421007
2478751
2505833
7304540
2539851
48000668
2770471
10950466
35998950
38495134
3467631
3803731
3841857
37449264
3984117
4185295
4198507
4247067
37468466
32453448
4551031
6914055
17825772
24962863
28510657
35887906
1306734
32662295
33332145
34578045
34718431
34777099
35886499
36581581
38258163
2270534
2569298
42414977
43516865
1499323
1972655
2011877
1554824
2152793
2346923
2356807
1195454
18402078
24101554
3712731
3651076
3203434
1554569
2496051
4485228
34914284
2418248
9688750
2213146
4206809
1097869
1380017
2294724
1414287
3891002
1685221
4303152
1842305
15461880
33620786
2043321
50253542
2054163
2091219
2127326
2124043
2138175
1090734
2188673
1396456
2433457
1746250
2538601
2656440
2578219
2640575
2685273
2167172
2729657
2393976
2481040
2569560
2750336
2779212
2829476
2863878
3856965
3374738
3394692
3786964
4592364
4291263
2034934
2078090
3476808
4635774
3143153
3171187
3311809
14535824
3730933
3792975
3837383
3895517
4030865
1245880
4086847
1330954
4145477
4198003
4213577
4220911
1388888
1541582
1614728
1833548
4470889
1858338
1947138
1947826
4603861
5561033
7701705
3047890
3307156
8222649
13055593
1071379
1992670
1266873
2400094
1472945
1775519
1922645
1239430
2778241
3211091
3373185
3395231
2120688
2207754
4055575
1361491
39112388
1824561
45831728
2408601
3808860
2445085
3908240
4120538
2735804
4096561
35272536
29939093
33326491
39799623
47355809
48606759
55612057
3273196
2363834
45666588
49255819
3448327
2423157
1166523
1898647
1089792
25834428
44352500
1630514
1369920
3659539
1767711
1979777
1668862
3385233
3528571
3607882
4340942
37158962
1354734
1188686
1221966
1908088
37814789
1227180
1327408
1554948
50653149
2425910
2687550
3325920
1258823
4071522
15801078
2012589
2155719
42747318
1685050
1685540
2215648
2890166
3374385
50181228
4114346
36532160
3771863
4052555
4270931
49301416
4604779
4684063
3878772
11945146
12778387
33355352
22060455
41985926
42178410
45544860
33746505
46855688
48016904
49128490
53478510
1000582
1164694
1769504
42378685
2086620
2220558
2389356
2535236
3064598
37745449
3511942
3630428
4317524
4345386
12719130
47283171
47379451
48177585
35563418
48806859
37056684
49443375
40246766
49995567
50283753
44212390
1288865
1434055
2235813
2315877
2329269
2345111
48735152
2629855
50793490
50899884
3703051
4069199
4319703
52364302
11851587
1398128
1539634
1549380
32694797
2767112
2893708
35006547
35512951
4118742
37419050
4317204
45984407
4534540
49623132
49420455
1328272
1396728
1401686
4164273
3990221
3548500
4501355
34949268
26267946
1875867
40391182
1857434
1185289
4671038
4828362
12971542
35934354
49356264
1236115
1926733
1196303
13289142
39313666
3194431
44892904
4151873
45083798
2825536
4333521
44712403
17434218
3908785
4233415
30131039
1054507
1198439
1450936
1508316
1244553
1273093
1835755
2030495
2041309
2125833
2175121
3314352
2540715
2863555
4807756
17082856
24933252
27031956
28622118
30259804
34147770
44702415
34956390
37432570
41636676
42832234
2546621
45751678
33830925
45976760
46884780
49214066
2991959
2835993
2838845
1231475
1866437
1683272
1727957
2090393
2459848
3866359
2682186
1219463
1261263
1446299
3782918
3960754
2378339
1001884
1150114
1166800
1204624
1214616
4473965
1266659
1524170
1525892
1526198
1447945
1807531
1914857
1928441
1778566
2306371
1968408
2033554
2144424
2888067
2567735
2349304
2515376
2540620
14008951
2678328
3537497
2703474
3588499
2793256
2837886
2931852
20729259
3066160
3682129
3517398
3582686
4059743
2471779
2444829
48610356
3580151
14276860
3206171
2756641
2744637
1650218
1841194
1213891
1899300
1068383
1959106
2114544
1272177
1280859
1290321
1362731
1365591
2545458
1539375
1660357
2845734
2070989
2172879
2216533
4693496
1293297
29574682
2588937
3618989
4677898
3979795
4648644
2616605
14281692
1086899
1113517
5659406
1156081
1218837
1231991
1381509
1561361
1759062
2473742
1911365
2247643
2402179
2455165
1374372
2190334
1799850
2223000
3365057
2345678
4363519
1069506
1210962
1265198
1326028
1427412
1931250
1957620
2076140
2101066
1222485
1349637
2286990
2320956
2427768
2328361
3086009
3121145
3485637
2674930
2892490
4301033
39562963
1482719
1548541
1253302
2295297
1738768
2713659
2789005
4263584
1188357
1249481
1278363
2533222
1343985
1369735
1401087
1599937
1902597
3349526
2072919
29957064
2807028
2260377
2381825
2401519
2412351
2532657
3337942
3480720
2712861
2756971
2871771
2991691
3130145
5943702
3170247
10844212
3426993
3432217
3443649
3478915
3575183
3881315
3904067
34642510
4704985
1425838
1434814
13164320
13777269
14297697
16316517
1244804
19353879
19360911
23844227
2204784
26716240
28585811
30739963
1337458
32269611
5684706
1201720
34104755
38251989
1394820
1871292
2278178
2484264
14851890
30327808
9590428
2684312
2712842
1613169
4398675
4161115
31603681
4306136
1684621
40301288
1062700
1897133
3255339
3401923
47053454
2663905
3724795
2937786
1014841
4618348
44843934
1376512
3930383
9234670
15527472
8271161
15064599
41196931
3438528
39061668
1539608
2211185
4154738
34649828
3156871
2532954
6881518
4170561
4636439
41189605
46179447
1953512
2077458
2494561
2366220
23737860
42466256
1163151
1366048
1277509
1548873
4098674
4421872
43363832
1453497
1475895
1650677
47795418
46110337
1921851
27098235
4851363
30858376
33994536
1843968
2169803
2276786
2414430
2256549
4627846
1719167
3584098
2008689
2038193
4244206
4332256
14052454
35737470
2384279
3794899
4710279
3519574
4869978
28363475
12451260
1019705
43254164
1230151
1439096
1692747
1693413
1740597
37293022
2265987
4007230
3884063
3970763
4125177
4500275
1884574
32321640
1942849
2315406
2801837
3210239
2223174
3300434
1650862
9229208
3567635
41890408
44925029
52391916
54373060
2081558
4297556
1249059
41841794
1168672
2037056
2100976
43158322
1090164
1183008
1995403
1376058
2410053
4210193
2286009
2872571
3262833
28516070
1551396
4219397
6111999
33730968
45954538
1262926
42560509
1379440
1396852
1438694
1488212
1573094
1811622
1938118
1954602
4904368
1783965
33902941
3613641
3521845
2459121
3355483
37617894
3433653
1401369
1370543
2894971
2386713
1427766
1328749
2132771
2219545
2382309
39360056
2563763
43237274
3064773
3388997
48802756
3912599
39137465
40478555
2803866
43425317
3199848
2196989
44470686
1884727
2136395
2674863
2688869
2833181
4166741
33850354
4603267
4624943
1740200
3126344
36647334
41858680
47327955
4110896
51147417
4256988
40019940
1904136
3150582
1953209
2299675
2779998
2479185
2839407
1475624
2156052
4160777
4468477
40757842
1166518
1210958
14758671
15280153
20435639
1555918
2575268
2791668
35197009
3342216
2158166
2286918
42116215
4390646
4226334
47481423
47913955
48537439
1359360
9561002
39350448
53713143
1535525
35521464
2085549
1327984
4706085
2811186
29333171
8456104
43570529
27795624
29474560
35618536
40020914
42576122
44572366
2799613
47073847
3321271
1472062
2713924
3561618
4069678
1029978
1064800
1705552
1906748
2461503
6693201
3631042
4019966
1216260
1409388
1753637
2181405
2307869
2832193
25266103
3725548
4383990
37536939
41188479
1617064
2045682
2343542
52953443
1148804
1232988
50795429
1635125
2681906
2320671
3082502
4617104
4912827
37802944
46960535
53203842
54446904
1075005
1471570
1655592
2436483
1783530
1960102
3501437
3943243
3957581
4386659
4506535
2440408
2596530
12615925
28578817
47203242
48598072
2740618
3764174
41203557
41000044
3926792
2719086
27135286
47907433
34441288
50032889
23336096
2820184
50716405
2920234
1021679
3549614
1213323
4750003
4010134
4545841
4457564
4412255
9910330
21112994
1361477
3112393
22494858
3013321
2540417
1303469
1332611
1557907
38503048
2623011
2709971
2812757
4152807
4533153
1566240
1385831
4008172
4083626
1530975
1561549
1672617
1786565
1635670
1828749
2589576
2852578
2150087
4545758
2164609
30500748
31190886
38962470
45320898
2463365
2523085
2208652
2093605
2241389
2628235
44104978
1272335
1273011
1675543
1791845
2300219
2400185
2443009
2522819
1730936
36619226
33978618
2829159
2879409
2990705
3018395
3097815
1333942
31853074
2693172
3425309
9091844
1013856
1035146
3984783
3988849
4082219
1270904
4128663
1552262
2046396
4692727
4826027
6581623
31924707
7158608
10318098
13641188
1368725
1389699
17088570
1467289
1501113
1558231
1558853
1834917
1946141
4205160
1966465
4230606
2068977
2086985
2167491
2238773
2281973
1120582
2286857
15004304
3885878
2292921
2309021
2331571
2357487
2388189
2513115
2541573
1345392
2782435
1296904
2812511
2911268
2894849
2910229
2994003
1507252
3016161
1615432
3037781
2339984
3070847
3206697
3324515
1283279
1289953
2214410
1290825
2760544
1379643
1704383
1846667
1290470
2186705
1760580
1938148
2400644
3182088
4106522
3089529
3328869
3467967
3564735
3623903
27563112
32451004
3994009
4232137
4404755
4487083
4805641
10839717
15358429
17461249
48170854
1276682
31300093
2165886
33512853
3558828
1000143
46363322
1317525
1556639
47682452
3034289
2571760
3738477
1232418
2057080
2191926
48751681
2368893
46092692
2179471
2484771
1486246
1771396
3133695
13136177
4243533
4261600
43580337
47883931
5020749
1538586
1182648
33672683
42946084
3980167
1375080
2208234
3579460
3894454
1716969
4591100
2026783
47878136
49533650
3555372
4042249
1326448
4244834
25334434
27701796
46200161
2288245
2173130
2208738
2459332
3210314
1557057
38366166
2575531
2915829
4393471
2241140
3115259
2968022
2534303
2891767
4822584
1033867
1704769
3191129
31033124
31974850
32642176
1490301
44056310
45661764
49150130
49306434
49436946
3851781
1825034
4750163
33831447
4426233
3894103
7790432
4886645
50597899
39929031
46439456
1041820
1061278
2408204
1342242
44111963
4602197
1691735
1548874
1115952
1212176
2050084
41628303
2835482
1170630
1224668
1225980
4022371
1420758
1464320
1493656
1794115
1614002
1703492
3508877
9001805
2570804
2945848
1210412
16431015
4612598
1308031
2002465
2866002
3597625
18540790
30937471
31772490
33372445
2809665
3731333
3437771
3900301
2343298
3464942
1729083
27734284
2228345
2248861
4728201
37932787
2572159
47546295
1093657
1141562
1226609
1432771
1529305
1165216
2992923
1388920
3329203
1516896
2056286
2384224
2110105
40642159
2606942
2711474
2244711
1237815
4483082
2189965
2170265
43207849
33211244
1041158
47849581
3804919
1676486
1888684
2437794
1285673
2830816
1303976
1844201
2342829
2602760
3262441
2671628
3159558
3180512
3386768
4599259
4733301
26982770
1012473
33755590
40800758
41926050
43240334
1016415
1371925
28513054
2759281
3096981
3196047
43903286
46108572
36320795
39423404
2481528
49101229
1117716
43941568
37589827
40598689
12656292
46498403
1427078
4032147
2500130
25818455
30855593
3976910
45589757
26294506
45492655
1065491
4093983
4831369
45541588
35150035
47483891
2229528
45488281
40954440
1571669
2757682
1557375
2944555
2648597
48606539
45823631
1826121
1562825
3971497
46393693
2862137
47677853
47674231
45223197
1611987
23237106
27676222
30453234
32857980
35353222
49078257
2575691
4186587
44682712
47892204
49602898
53296177
49653636
47751955
2503975
4705565
2468679
53712820
1021442
1183610
1232766
1318106
1922235
2694643
3323048
1632383
35729063
26629065
2989020
36543541
3392358
8096096
1667194
1710271
2248323
27868873
39756124
1544516
1656430
1796004
2681139
1991554
33714797
2105346
43055805
45171641
2181470
2636990
2964458
3115134
33250464
41136295
40858863
4608240
13038118
3793430
26676923
29898285
4496622
2336109
6481442
6915028
27376568
1003055
1573957
1596871
35868142
1761871
38574914
1877331
4239025
1523160
1840310
1934042
1111289
1276591
2062948
1808675
2184329
2683158
1131757
1208069
3353582
1888041
3709092
4011786
2263879
1996619
9777386
2173061
39086273
28628549
30155778
33707424
10031313
1993495
1113538
1676188
28127007
47240237
49563189
1192867
3848154
3961078
4617428
1012996
2300833
2463021
2521603
2259376
2672885
2322470
2796253
3111798
34019286
42238722
3467057
12564966
4337039
4508759
4518295
13265059
32422303
46382078
40369957
1427535
2408284
1760475
2543923
2775957
2776473
2995617
3266843
3722337
4626373
4932431
4897876
1077911
11431112
2553735
32923633
34008996
2115887
3032535
2641409
2749183
3568547
44474158
4372049
45162090
13900189
37293819
1988322
4220962
45805429
2449095
2629269
45259722
44669840
42289577
46469718
7900684
49555597
13869026
1526024
1172833
1175957
4155317
42470350
4275885
42201496
43767252
13743946
2416823
1058083
1411569
1619957
1530734
1935339
2169385
2242511
2685299
3972043
2142436
4512361
6952765
2879390
3376664
1982615
4240491
24564945
3767744
46776307
3231093
2314134
3425121
1858185
1227178
2463981
3655561
47288155
39591914
1662317
4117003
33617241
39162961
1600540
1770635
4284688
33674886
2416431
2604399
48942560
2018424
4908981
10752184
44551759
30858374
48180811
34406846
1717141
1288866
3679375
4547293
32715572
1102544
2729532
46400745
1253807
4334372
1258251
1557447
1767515
2431910
2659033
3009833
3615731
30035073
1027430
39878997
1536389
1540171
2380028
2869354
45808056
2239562
25732489
34662815
49423574
1378884
49046338
3557313
1105268
1111486
1303080
1743874
2748913
2569490
2588374
2675684
3113630
3712298
3780416
4275871
4600272
4660254
4832152
43689871
33330494
52323703
1337801
2141483
2187487
23321741
1153742
1224988
1326024
2732295
2972155
1412024
1787218
2065403
1858264
2212801
2123532
2798375
2162736
2186796
2212652
4159183
2280718
4509785
2396886
13901923
26656049
3042632
3290788
2748720
2921444
1358415
3620746
2564708
2720898
2788446
3101724
2446967
3155402
1566670
2087020
2790528
3179000
1041332
42080391
45584603
3627704
1068667
1278753
1680987
1808443
1813915
2297284
2522258
1907685
2746458
3281952
1353006
2206538
1098096
1319482
1929554
2596036
2565183
2941332
2642913
3815906
2664099
3908862
2673671
2737389
2780673
2905049
3033071
1266938
1430280
2841256
3160436
3548086
2159079
4486324
43701901
29106726
44033274
44582248
2233605
2285287
2424803
2685104
2583275
1535306
2083886
1432173
1006807
3845540
1392553
1457119
1907315
1956233
2074343
2322631
26407306
2425773
2899763
33783912
3384279
3839711
1337350
1826110
1937164
1508253
1559745
2583623
2410824
2810563
2524766
2150197
3375590
1035287
1090571
44192399
4233358
45689783
2530189
43515535
3525094
1449875
4130801
3614007
3166731
3422489
2729485
1218236
3525732
3861303
40740715
44595372
2388413
2486433
43543205
1500602
2518630
4136558
1272423
1271032
1994609
38171850
1271462
2739620
4369499
3938794
36148893
47206801
47460797
1964176
1550546
1856609
1640184
2865258
2249723
1162388
2630985
1203650
3074841
3379687
1434326
4255053
4398361
4408441
1662124
4560041
5793953
1885572
12837093
1969332
2439722
2545132
1271846
1568018
48775669
4787593
2691104
31891227
1074197
1397037
2423449
3683289
44122044
50916874
4585131
4682079
4914475
3514344
15275859
2302830
45147941
1984894
2010666
2010700
3616648
52511257
3916208
6378682
8040292
36506726
40557904
1053423
1434587
45824332
46340810
47930338
48064798
1485963
1498863
1930001
50664972
2017475
2058577
2151199
1172394
2273815
2288089
45909876
47449860
2415449
3350172
2817645
31787100
3247247
3324345
41005234
3407641
3653275
3793265
4061727
2582778
3492968
1236726
4375151
4561027
1605086
1924764
4646007
2266536
6610947
2658674
9005055
3767612
16504285
28589676
47163050
33479823
51730820
36246073
1981608
46128231
22007344
25470688
1302931
1384324
1511139
3999681
37524350
11063791
11167051
2830126
41219382
43797710
3719362
31746818
43685859
44517481
1021027
1428703
4711790
8118590
1879929
14264634
2302175
34086046
2812213
1677956
3836487
4080667
4263359
1362466
4413575
12688905
18757043
12143180
34601165
34856415
39849096
44639094
36616417
38043377
2645594
2148589
2190349
2571719
2888550
40508080
2860219
3174981
2364396
4446412
4696958
51563610
41937682
15327437
1420930
1463461
1504172
2414152
33632370
2574250
2268969
2449790
2507471
4147405
37429039
1579836
27672033
2254081
2337976
3479389
2761902
2870644
2992544
1137421
3237406
32208623
3229361
3687880
41060647
37425570
39670377
47205802
48898858
4600616
47388852
2119225
2235235
40480712
4097556
4874303
7432131
36456910
46150112
46187882
1326842
2042354
41342307
44863641
52614155
5763528
28790192
4548221
2538154
2593744
2216947
4035050
2393077
4341064
4021121
16048846
25882400
29093548
5620441
29961694
37172053
2542043
35102392
4524963
4742523
6131851
4304110
42443863
4082324
1106960
3836729
43603145
1559230
2348474
3207648
1101405
16337736
1590615
50117252
1215352
1485426
2694245
4621029
1212212
1216212
3418514
34239624
43406228
1130850
2603490
1421248
49039147
1501540
1969445
1217166
41253497
1241350
41446995
45730281
1474583
1791720
1939360
35296119
2248800
2318954
2609474
2752030
47154013
3539164
4259452
4689076
3762583
4256491
49671918
27168305
2581510
2742820
3365570
37941553
48720679
4886432
50702759
16547326
2682335
2230039
35946323
46385319
47833122
1394971
44601522
2880553
3800282
50395720
2399680
47177258
41908530
1246286
1437276
4044952
2684591
1223588
38905815
1308164
1142535
1219103
2822411
4399143
1548468
2264736
36813312
3739880
2581812
1056803
2827332
42734677
2169540
2192104
4453644
1307109
1500245
1946427
2189339
2519164
2200231
2600216
3298505
1092638
1097648
4269773
4303797
1108832
17549031
25095351
28357481
31320247
1817310
2027574
42630394
15949038
4101444
41436035
43410418
44997487
46613644
1150172
14365956
1015207
1124010
1119443
1163332
47245864
1258761
1290755
1648946
1421921
2226676
1610821
3469060
1782917
1825109
1852973
4273686
5942008
2139303
36191718
45555966
2200121
2233437
35082862
37724486
2323233
48138334
2446917
2565883
2580579
2582241
3214366
2599603
2664461
4069398
2766385
37255686
1220708
1310952
2842171
1911998
2055574
2267936
2283918
3135462
3781942
3329783
3356309
3425595
3471649
1056873
1451871
2082523
2321525
40505454
41430448
2733937
43991964
1430139
10836702
2388193
4068250
4067524
1417380
47072371
1026945
1355581
3384073
4231361
3986910
40169671
2106283
1990180
2324716
2666860
2232375
3446934
3786768
4104410
2396277
4186364
4631720
4544177
6396498
15514393
16253909
26558507
1157621
1231431
42220838
1896643
2012823
2779969
2877671
3647327
4002901
1737408
6001113
35437237
3450662
43566892
39075765
2114568
2814178
1089480
50851489
2249284
44786187
1585753
3622350
4138314
5783664
15660274
29026660
3966229
8540863
10912223
48042160
49653494
33490274
1093527
1199771
1242823
1273014
2221757
46470254
47574246
2373507
49923850
1584524
2282360
2546414
2560396
2871674
3100312
3625936
4114392
4247798
17383620
24372054
37537612
3591481
34629675
45500182
2352119
46071192
1809770
40137167
33626760
39111162
3805480
1066816
1274502
1318741
1397012
1425370
1575644
1695422
1596989
1841996
1644181
1751647
2009948
1794829
2243128
2015857
2289406
2324778
2305839
2394764
2703048
2771592
2802877
2834588
2856397
2861608
2897056
3209364
3495748
4020676
26397999
36185119
4276194
4289688
1110967
1209313
1222075
1835445
3759582
2550337
3027487
17374494
31617084
3437053
46545308
4487409
4706357
10212657
2472526
2532196
4001444
4254306
49557237
44560160
1090511
1343189
1234968
1732713
36775175
4591340
41151559
31016960
3320083
1332507
1136469
3293264
42888650
43846938
4171040
30312544
4580547
2336438
33330678
39002728
1327950
2016102
41879397
2432468
3176030
2224746
54571337
3579905
4141625
1398862
1740726
1753972
2346570
2391096
2582965
3322373
3069466
4533866
32449198
1432884
1484524
1621364
1917914
2031274
46149835
2093954
2238672
1022663
2510590
1102499
2696004
1575885
2838532
2853970
1890237
2172405
3399590
2998635
3718998
3923846
4073874
3416691
3781009
4270552
14220117
2278267
2453337
28935429
1504945
1578131
14314034
14687362
15812934
34880318
37639930
2782013
1467871
3044699
2046997
1470137
48337562
48908926
1137681
3043455
18068241
1081979
1395315
1739881
1848131
1169850
2077071
1173146
2217728
2511610
3894997
4267752
2843594
2479470
32834995
3709638
1488726
40511385
44760225
3521542
46057981
1084729
1389408
2199746
1310197
3503136
1379143
2238546
3385035
2286251
2665456
1214200
2928696
39970567
2600340
3368322
1605625
18423901
1501154
2132560
37566733
39578571
2686400
1481264
45902359
2373016
1634871
1778690
2011872
1229628
2708152
2267538
1942906
1204526
1834398
1327881
27365607
2108344
38785755
2026119
2443618
2422657
1738914
4362415
4480372
6159794
1870835
53851150
3562259
23132891
1017077
42343866
46520916
1127106
4542460
2225883
43653382
44112244
2982027
2990011
1729546
2846108
1562822
2227576
3916545
4007303
4200310
4410459
8384731
10118273
14558395
16816553
27311243
36393177
36813365
3435562
37838463
42576319
1159840
2264612
46845971
2383856
2760380
2845574
48409671
2620229
2446333
2225557
2787812
37935755
1368165
1715335
1113458
2391638
2816236
3754329
17247719
27558851
27701483
1736282
36649785
2755798
3352252
8224242
14571730
14841234
2067589
3688963
19834279
40949718
1407715
1846431
2666541
35376635
52804284
2210222
1894311
9586064
2209305
2525705
1135672
3391126
3311732
1102753
1251301
5318100
2703747
1013218
1045552
1497228
1600114
1272815
2925390
1686669
1733469
1895393
2418353
3057307
1114651
1182410
1265542
1536163
1611755
1379198
2584223
2885663
3088295
40212288
3735785
36359944
4287213
8525209
1541408
29258715
1861036
2644006
1723109
2303955
4101646
2514575
41660838
3757009
47868388
14409275
51429678
2926798
8765700
15066142
44736787
47668227
47729763
4316416
1200958
1139699
6454708
1192629
4710380
2851832
1574439
1725717
1978883
2181831
4679010
3189667
30058244
3949866
6148259
36346925
1207536
29835973
33305023
1872589
1081231
4390182
35847710
40526066
1677907
2263953
44417866
1529261
47231106
2262731
2676890
41315867
2932940
4623942
6102978
49130137
1237303
43576822
1268369
1295481
44565900
44686244
1994753
2568679
2835155
3543614
3250069
3434143
29978357
32859639
1248712
1386956
1543686
43779453
1764360
45085777
47892475
2267124
47931279
1122505
1315881
1530293
1694135
2220923
2358883
2485041
3625166
2730307
2891309
2935111
3614559
3884115
4006559
4521012
4314657
3686770
4530577
29134321
32566695
3568754
39389615
13296314
45634369
26765082
2632545
3657987
1245869
1448829
1714443
2684219
3163087
3298981
1123720
1344188
2278126
47550945
34685370
1117147
1796467
2410691
30233744
2281408
4220569
1092496
2131026
2673772
2765512
45438051
2977328
3222650
3542344
3376307
4029935
3918094
3927764
4024226
4062050
11619481
4123526
4228934
36414005
38016695
7754472
40466567
43934329
3495642
3508730
50154471
9210715
1961259
1595493
1678803
31705095
2260791
1099001
2382942
3855574
1411457
1499299
2518077
2731761
2762511
2879919
4013669
4307785
4466303
4821773
29317291
1057078
1914260
36323377
39146831
42500327
43245695
43717821
47397409
50165530
50461481
54376069
1065393
1243257
1263715
1068412
1319373
1861189
1883113
14983876
1888835
1936449
1892886
1964671
4587934
47921744
2238015
2425595
2426285
2459173
2485067
2692343
2876465
2563952
2645688
28465628
3568363
3735183
3863842
3970147
4905743
15586073
16909453
2575746
3133410
1001722
1022838
1117464
39990023
3764655
1508970
1747653
2930755
2315264
1733796
2381276
39485733
3221078
5035390
1409947
1516145
1859963
3691163
3724266
4593949
36225427
40140041
36866491
2462288
38008538
3602773
11030103
1987883
3196283
1195925
2627283
4517519
4603883
5575051
8209007
37100277
2854958
1420217
3531464
2861851
37064124
22123117
46800298
1227876
3590067
3809007
3852902
3998244
4326932
29927352
20251573
31076191
1331156
46818171
2612310
3308508
1326357
1867007
2351941
26093996
2434614
2845945
4151710
3697773
34686678
37516736
1012651
1348625
38747842
1787099
2201845
2213337
2880358
2391553
2437159
2453417
2511529
2990225
3160603
3336027
3396657
3397857
3723221
3733781
1841394
2307054
2876864
4456675
4584045
4591627
4697739
4712487
5971579
9126973
15685649
19217829
27465503
35017109
4519300
36179319
40422489
42408559
2743346
43824135
1041439
1227903
1244767
1969272
1255487
2628454
1320465
1353381
3931632
3859815
4145085
3006987
3683811
1397835
3236559
3554529
2491365
2899351
38495696
2394141
3314613
2348915
1369961
1448157
1461597
3480780
1500661
1551669
1695767
4342526
2064825
2103235
2112439
4098510
4334610
21211814
1289286
3357278
2347635
2590219
1739185
2414716
2923840
3114078
3518426
4340653
3849028
34016975
4009200
45242921
54736315
4163495
34555236
47751857
2131051
2221355
47172257
1054503
1228075
42406469
2391323
1298173
1765020
1308313
1322489
1446205
2168456
1891573
1899177
2546616
2320889
2692819
2822427
3592857
10537049
4202028
4400810
3748375
2939934
45081752
1024294
39606953
1192037
1588898
2537219
2758917
3746293
3978599
4163295
2622888
2729202
18088237
27511613
3078164
3529018
4688884
6879794
8492690
11048042
2054357
4073731
4655247
37615746
2287969
7583977
37038705
42924649
1560439
2215903
2438695
44464962
44501296
3565525
4457077
4913683
35326499
48404244
1432931
2514529
1052264
1241508
1352960
1395770
1920650
1938138
2025004
2032490
2232538
45175499
1103517
2708558
4599055
2867984
26460061
3076478
3129881
3701684
3887248
45808123
3916612
4220582
4708556
11764419
1588058
2200154
2422748
4352144
4512562
39265661
13824689
28512174
35196670
40157352
42347214
1899209
47674330
2538209
2723011
2990039
3135649
11609325
18006457
48981278
50236318
28537467
3987573
45987769
37444995
1055457
2327538
27818949
3075428
45551969
3625254
47192875
4507620
1264101
1713629
1756245
11924144
14408686
3413785
27203962
4385561
34553848
30948595
36684006
38800887
2773701
3228745
3266267
46553276
25543773
48848764
2902242
1236931
1638854
1452601
1888328
4245777
1701795
1751365
1310453
2512758
2664545
2522078
2735644
3717992
4471482
6169294
4253077
4329281
4703859
1208988
1763930
4888629
9344955
15979141
28916547
36365029
2035520
2082300
43036855
2235172
2925078
3682410
3942084
28774044
4242799
53448643
38617669
2238999
1471946
1981139
2861976
1582692
1012290
3236374
47151040
1353882
1926409
26909210
2263747
3304523
4287412
2491500
3582716
2810649
1572573
3970021
1867319
39819938
42840422
40231341
1658681
2720785
2906039
3009337
3015929
3080667
3617353
4109695
4117953
14168873
47835942
4686142
1199649
1959967
2463707
3110411
4616493
1960432
2089722
2191194
4061194
4129906
4292526
42978321
39800166
46300616
1423815
2534969
4349259
4473418
1440708
1747355
1770759
39277124
41131480
41977884
3683523
1802370
1119965
1177189
2190789
4462644
3805993
1277128
15335503
33913353
2355408
35948163
1000259
1231307
28541738
37635592
1456501
39761488
2043911
42623814
44104800
2469393
1060436
41805039
35777009
36913355
1225088
1897406
4110435
47169273
2228686
2818476
2903836
3562668
50918381
4483136
5308354
15216568
1254559
1567745
2373625
3366179
31740041
41924303
39849101
2287262
2034129
52468971
2515856
2671942
2747790
2718273
1266409
3791131
4005510
4301764
4599564
2502189
4898777
1403345
2908529
1315357
1281194
1352237
45412179
1781386
2069744
1958677
3180839
3873939
4329261
2067775
2987399
3152576
2981039
3635194
3773103
4148153
1811122
1132478
36832271
4036650
1178180
1461206
2376804
4034402
4161024
53031103
53926871
5607570
13316728
13468734
17933452
31772684
10411135
36132502
1194016
1195648
1284914
1305748
2805827
3459422
1659939
3745886
2438775
2451918
1496344
2828111
3308369
1906522
3995347
4076071
1525910
4606573
4775595
1888424
33355803
1506720
36499503
39058097
2118410
2290230
2451302
50678347
1175923
40918588
45618766
2620951
2590370
2644330
44744645
3259226
1557225
3652452
4165952
4280062
1571119
32091150
2701912
2617863
3847386
3202947
4555946
3357203
32103208
3985289
4544183
4593535
4677425
1484726
2580038
3425092
3657652
3747862
1395993
14266696
4285119
4453775
9220777
2247816
44250103
48230719
1096062
3239180
2325282
1129521
1345522
1273509
1369889
1385534
3097986
1547295
1844215
2049169
2215719
2310697
2450611
2848555
3230367
3230371
45444628
3793485
1330758
4298821
4303441
1498602
1527112
4330741
1607256
11935621
17259505
26752088
3184338
4532692
34694241
39549381
39952675
27768986
33932884
40942076
1566782
44889893
2128368
46754758
2868600
1514884
1966530
1054447
1064257
1486007
1490295
1542873
2397953
2737411
4345493
4548801
15703773
1617999
2302203
3972153
50958230
2191718
4806214
1461864
3782419
4194166
34737571
4777560
3585912
2028467
2192795
2417385
3056715
3491983
3754719
4204017
4259755
14886024
36874943
40141161
40849465
4149476
13394094
1363454
2378217
10612035
2401999
2484588
1086081
1070754
1926871
1237806
3121057
9361459
18352685
2271190
2698870
37214049
4882068
47624004
1178220
40611533
1451019
1678236
1081411
2319479
3088721
2208931
2148287
1043933
1690019
36114791
50469182
3334320
37824825
1343571
1380431
1421487
1480974
4394373
1525048
24386085
1551800
1681734
1689984
1691432
1848060
1899900
2067572
3921451
2101564
2185282
1715095
2338708
2378960
9911073
2525144
1738701
1906289
2714132
2645335
2957792
3313521
3355342
3629584
38665315
3630126
1682399
3947130
48013711
3196877
4187261
12915032
2781590
39256285
3847175
4256093
2221049
3469383
47167009
49440329
2599707
4341354
29134633
35902376
46854441
44328326
1550601
2792126
1298960
3152348
3048807
23562650
3525571
3822299
28577319
4723676
4801086
30096381
31117141
32128469
36241579
29646064
47948157
49624537
3561272
1115767
14693884
28074032
37411778
2208039
2358695
2156400
2515198
2826021
3017671
3143071
39993748
4363999
2254929
2429131
2815607
2869153
48230748
1710330
9430359
1087391
1246255
1372161
3566178
46046586
47127870
1814915
2884553
3993949
12230285
3547630
28239399
43103707
45325099
1593150
1846848
2211492
1169927
1362021
1411415
1472703
2916530
1487769
1491561
1550127
1567871
1744735
1861141
2075055
2271217
1223520
2276555
1606428
2308981
2854596
3431982
3962932
2428743
2524373
2634669
7689026
3456650
3869085
2487774
1336149
44804141
48716915
4712898
3372283
4489179
4030397
1074295
2431917
3021164
2294169
3093625
26021533
45654393
3114947
3762591
1245044
1563706
2374110
2426680
3226921
3305983
3236400
1331577
1745787
1790389
1236722
2565321
2269122
2291252
2397616
2481740
2582260
37514975
3196908
1225313
3994352
11950160
2605597
16534016
36739542
43070978
1081723
1159281
3320629
3306874
26641977
4109778
4370686
1290437
46968786
1540954
2804529
4235708
3308207
3759977
4227171
3159450
9756866
49394318
2517895
1446152
4524897
2149597
2496862
27421833
2905926
1070807
31943815
43453551
1351513
1233172
45051703
1047025
1432109
4180659
14271447
2499338
1597745
4240743
2557764
2680050
1232997
2055971
2367727
8590051
2940534
3000006
3113882
3523352
4118218
4202718
33160389
5196976
9498534
13773962
1738305
4687779
1461617
33303727
1105903
30974382
2352739
2795339
42601028
1435819
2124343
2333243
2383491
2681215
50373122
49006320
4027374
33673851
2452708
1427875
2544501
1033847
3261184
1400449
1435499
1479009
1597693
4154670
1837797
6936900
8890352
21710842
40211548
2370035
2472947
2787545
2870463
3079989
3115917
35662086
42373178
45168250
2633716
4413482
4367613
2061348
1386129
41780283
1531992
2290564
46053613
3660670
46367089
36941196
4610083
41494370
43778516
48454751
1505440
2802156
34945616
2203590
4594454
14337468
1288323
39211606
2313951
36283319
28076709
42622410
2325968
2356080
3888076
1733601
40218018
48786735
1753519
3075794
3472009
54695567
1414370
6600291
26590609
14106323
3080397
3712286
4064264
2811236
2359783
1859173
1490272
1102402
1148990
1332182
1583346
44162559
1937858
2054438
4456383
2414210
2490723
2723856
2237457
2880184
3059340
3610578
3757374
4286171
4475100
4696718
10329544
10349048
4742557
35361820
47620634
2487869
31109625
3476007
1125775
1945537
3468465
4675041
1934687
1934953
2165364
1744564
34795241
1505044
1714577
3968671
1825946
1837752
49807619
1169683
1508099
1805185
2003915
2703552
2744344
2621169
2675881
2879411
3000265
2866300
3059564
3391860
3723950
3893022
3933998
4254096
4600860
9467052
35224468
41469550
42790580
44403192
48454084
49642396
3913252
4500134
4677294
1097474
2090914
2524390
4750482
27340982
41984722
49700990
2928870
42997606
55658378
1241174
25072016
1200742
1399022
2322926
2571914
4267938
2632978
3039078
3968746
1319718
1370294
1542366
1625364
2122952
2168974
2571904
2649208
3579058
15674952
27417564
1100614
1423154
1499732
1953214
2689530
4080012
4222130
4436314
4654590
15264614
26695502
1094872
1185848
1226742
2351984
3256380
3640730
1512176
1612804
1972736
2766906
3466628
31477662
3077628
2204942
4012886
4143862
46516124
1383242
1459760
1551070
1802678
2258798
2615174
2760346
2903460
2923758
2983548
3320780
3440056
3796398
3804722
4328164
6137294
13338632
35159364
1375222
1396290
1432190
1686854
1702836
1885934
2046564
2163304
1231112
1361504
1403798
2800748
3559348
2258518
3276910
3374202
3553268
30077752
2826844
2856210
41357974
3069034
46187260
3186802
2710776
2928700
29094844
1106332
3434534
1842302
2219738
3587668
30301208
1304868
2258718
2009642
2037112
2403000
3774854
8837512
2132772
3409294
4091764
2265130
1369120
41057502
2429560
1216626
1954008
1763532
1828384
1993526
4613036
45803286
1180222
4047592
1221828
1592958
2202014
3171034
3671502
45800912
47454312
3817454
38393256
47468698
4082582
36927020
37261650
40648816
1050752
1376408
2224612
2888998
3533634
4567834
15454180
3399946
3842092
4294292
1317828
1396142
37465582
1550932
2933594
3936800
43181620
3575632
2754518
1355032
1248636
2334466
2830108
3065904
3522584
1329378
1545728
3505324
4497824
4693096
9529452
1335150
2473930
3689118
31366728
1387618
1531984
1664700
2786484
3516160
3874686
4567896
14192044
23340014
32100690
39450720
47237128
2459250
2138488
2299900
2631464
3884266
16214288
33889800
35956772
39982782
43245010
46701988
47380564
1322328
2024846
4710600
13068830
28188430
1014786
1630548
2031876
3071252
3197264
3219380
4220434
4326348
25678620
23739264
1442750
2847120
3572414
26197476
3779322
3865616
4557462
2342122
1086208
2992394
4220584
32067496
37230682
43874284
1415314
1432196
2047216
2243572
2553050
2662588
26604258
1448728
1734232
1956564
2152114
2458116
2586494
22267730
2092224
3163544
3619352
28214852
39533574
50561854
2035466
4035060
4275400
12930878
2804130
2949328
44214556
46338196
3666924
3901678
2114254
3549032
1935282
2975342
1253596
1680264
2602496
4234718
34362800
2728262
3880942
33870412
44409728
46161554
46568504
1023018
1153946
1192818
1318970
1351104
1520244
1608040
2608440
2621968
2981456
3363930
3518784
3559962
3597074
4152464
4201878
4269880
4691824
26759038
46191306
46201526
46219444
3130934
40010148
4787398
11996254
27767914
2176010
2682956
25418386
1323834
3282224
3325360
4183552
4202614
8296964
9938906
11504604
13655068
38204722
39403944
43400062
49099634
50220040
1128696
1344454
1369312
1419764
1544770
2234046
2749380
2960704
3366184
3411888
3426546
3743186
4019850
4297824
4312412
4611360
32838012
41302124
43297736
44190156
45359612
48442750
1614432
1695622
2097452
2179532
6584784
40537554
40872878
1177196
1302148
1434066
1584322
1683916
1731690
1749686
2116018
2201946
2357694
2550096
2718110
2818244
2995444
3427220
4622548
31693884
36280364
38804246
42355248
42746172
43427614
1225334
1289178
1316078
2239754
4012524
4187132
34724950
2720162
1643254
1558812
2555124
16917766
49231580
2496406
21398936
30479414
37612106
1482998
2866484
3351474
3424556
3716960
1919146
3716630
3986998
45076480
45295730
2637534
2722266
10960178
34499490
36876092
3567652
1119968
1717546
2191282
2669162
3572340
3768526
3798468
23492066
1914778
2307390
2478192
2674914
3295654
16756598
44957506
1009928
2091008
1816984
1874456
3673096
1013412
1094676
1944514
2390160
2536964
2807564
1201692
1951628
2310742
3203888
1809286
2338480
42282512
3123948
49362198
4244410
38606196
45099054
3338604
4544246
4719828
43952776
42121404
2310658
33036728
1266874
2676274
35215828
4393892
45677044
46431062
1636712
36193742
3439976
32916872
37659186
37565514
3657100
29856646
1878094
1170826
1741462
2013972
3624458
47473512
1154760
2773312
1444652
2154286
3689342
2627802
1673038
40599722
18300302
1401332
1546954
3770576
2476508
30759870
1804990
4512516
47304208
2705316
3555676
25054812
3261622
34224980
1120076
2252034
44820720
1817346
36351396
2547692
46069442
47459912
3225786
1303560
2625584
3308072
37006596
3510942
4476490
4158528
1273394
2259036
17206582
1514586
15601872
4513266
2050960
10976090
1729014
2398468
35794828
4355184
37284142
3639104
1411378
1664142
1880406
2288212
2832226
1014170
1356154
1470812
2571692
3668186
4250514
6268054
3541358
4720450
16051332
35788710
3408338
2234098
4476234
31984274
1455102
2631964
3252460
4175460
3408902
40840416
3232272
3849450
2862190
4040716
4334576
6049730
30262132
34152220
1801416
2438214
2580122
4041610
4240684
25556934
1516656
2345342
1198458
1481976
1648676
1748318
1763910
2674772
2905280
2459606
1185278
1202096
1528954
1779870
2054662
2101464
2367166
2740804
32666234
49886024
1523934
37898134
1705780
1851438
2294822
2379474
2455250
2491754
3183602
3281283
25893502
3721697
3743419
4625983
9639481
45652878
33127651
34165901
1467012
1625041
3202292
2889287
3249986
3355578
3830982
26496857
2696680
1527935
1732808
2863470
2233199
2857007
3955394
1684820
3133073
2513224
28196156
2407430
2049131
2639909
1450014
3860257
1773976
21931256
32963083
1434529
1842300
4012928
2946972
16929065
2053820
35419623
2806536
2975290
1469633
3530992
2316295
3291093
4467454
3396513
4789034
3548425
3844755
1930326
4115943
3488232
1215188
2286898
3530654
2846242
2730488
3153328
2891512
43485621
2770108
1212476
2395556
2881730
2720434
2538028
1203370
2219942
2701177
1826295
4197891
34552301
4341775
25828167
1410565
1359667
1704693
29734886
3635195
7880033
19623745
28735821
35064991
40853185
2742097
3613977
2274515
2862331
4220623
45234726
46702887
1344573
1759533
2179241
9600906
2377685
2737137
2774589
2272132
14538968
3018084
4009585
13395727
3750340
16111593
4674314
33635887
35982795
41725303
2416008
43346811
44851509
6668874
2216060
8387570
1467619
4291805
2046108
37422954
4750567
14653199
44023867
47528695
3542630
2058029
3352007
27268377
1586843
1193636
1852474
2254421
2564039
3168099
4425910
2069447
1482601
6524218
2732917
26326816
3970467
4338975
1411009
4170606
1976677
2493593
3653373
3789833
2402472
2242236
4516556
27868753
29285363
3521310
33545478
46328697
30316792
34821542
4111439
1432726
1376271
1405117
1760418
2122502
2277712
2050679
2614294
2223145
2766746
2230691
2689825
2771913
3182693
3195125
3424653
4327206
3542299
4373080
4499292
7324640
13506971
15520902
1030900
1671694
32587796
39874545
1252068
1403720
1779708
2910564
45628487
3918014
45916497
4326032
47192585
30810944
51790259
53591177
6583292
1617665
4410179
1159788
1285871
1210168
1223830
13368039
4193245
2381781
1904594
2752887
31306735
2488083
23787319
4803878
29796950
40800117
4269550
4258756
2425998
4203394
1095901
1251933
2136746
2077167
2848988
2257823
4280568
40273559
1183701
2411818
1408843
2164061
2534405
2817451
3085824
2323798
3192987
2035690
3240453
2167084
4386523
4433845
1167466
2741944
2545312
1998166
2235359
3175454
3506256
4461194
1593646
2677937
23594223
2670414
2773140
3827666
12208307
1144813
1714759
1426235
1620501
1437855
2089545
2296627
1368963
1798591
2860090
3173506
3367720
1508105
1719969
4479900
2347411
2428749
4900178
2491039
33335179
1212874
1512134
45255095
1111215
2558388
1553695
1838471
3335058
3344064
3353966
2709261
3499178
2846223
4325006
3251689
4921844
4320069
4550055
5494989
1325153
2134649
2335429
8710697
1429260
1795542
2151856
1208089
2121833
2375002
2696291
2626186
2792476
4672214
1007517
1006024
2364805
3327083
3526925
38487061
3626428
1270679
1329425
1342511
3971072
4519434
1570505
1839167
2681801
3181429
3733297
3735293
4571361
13856949
27756309
45209117
1976546
1130491
2425798
1234321
1268133
1268547
1294715
2885010
1736211
1800307
2008750
2216366
1938839
2854175
2815828
3158828
3733730
2443873
36037174
42731942
1241338
1971677
3767344
32203160
1844826
2726446
2821370
3612798
1281043
3945524
4270538
1720659
2414455
4145383
18520137
2133556
2276092
4377813
3438756
51951181
31755467
1128150
2834260
40990333
3479936
3645475
4676521
4314204
1467703
1738103
1416378
1450734
1927902
1726229
2624889
1847943
1027583
4081231
3577075
4097635
1578426
1625775
3140149
47712881
40925106
41925890
30217477
35873569
1163414
51066035
1142085
1302080
3844145
2199888
25754699
34238667
42336125
3560894
44648151
45468821
15006533
1217458
2869731
1704834
3225711
2530050
13314057
39378039
1331015
1572969
2291344
1852941
1859689
2292700
12923148
1048391
1467233
2152707
2146396
3623765
3484934
42870123
2180030
25179166
3843905
11542903
27544447
46067078
43512781
47814795
41646517
1309502
4078107
2022698
1868957
1033693
1056891
1197777
2955438
2656881
3126185
3963239
4808217
16376345
1007722
48738696
4394775
47107731
2615263
6932878
44436694
46204236
3842732
41671475
2055770
41896922
4820790
39605733
1972374
40088953
1996870
2111292
2343062
2367510
2616164
1494499
1995567
2135033
2962879
3776199
3961686
4100145
2247377
2712739
1381627
1484677
1221766
2028828
2276358
2443907
3799804
3268825
1221940
17210799
27809899
1268486
1904638
1503843
2051792
2222454
3816323
3520746
3554614
1881437
2565099
1173019
3554541
14077111
3436864
1657269
4367730
3389819
41635823
41740121
1249458
2289408
2385040
2623401
1304772
3763095
1477466
47918376
2573027
46029654
2803381
2976745
2018768
3995729
2822528
4718731
5404128
29098891
29184535
17020206
1682909
1815337
2456965
2687115
1329721
1626031
2124549
2167154
2337057
4210520
1325726
3700391
4740644
16371927
27156049
30741495
1481537
1649641
34918914
44255474
1578872
2106973
2274111
2304619
2557025
2682799
2739291
2745569
49053092
3429495
14906088
34933996
2337392
14331138
37819194
1023005
1402225
1760821
2480686
2298197
1561969
43514944
44029010
3547768
4426312
32846516
2971487
45249480
45589666
47527042
2077748
4558365
15564957
36645749
1342688
39079719
2224731
1065448
1210217
1319829
1903449
1968915
1292928
1671740
42961777
2583124
3625385
1356041
32071260
45634908
2865891
47051288
3370185
3749311
4445637
3148124
3661746
38641060
1641322
1764545
1594870
1395977
3271652
2057960
3784240
1474319
40021470
1939479
3694121
2428494
4119531
1444515
41445588
2121255
1688240
16022484
30643376
1359579
1933222
3267232
1859319
1937913
4228004
2438835
2853271
3260623
3630929
2107758
1155341
1656599
1978885
4127910
28885246
3501191
18405784
16912045
27464903
2210948
3998474
41805939
1364229
3504856
39987236
4048486
4220108
4291587
4365593
8518614
4634838
1411549
1993157
4107770
23619255
41242185
2601830
3278096
49031275
1116204
4016658
1108559
49831809
1021472
2508420
3891205
2950786
3391826
16529913
48839737
2072445
31710102
40794452
2295113
2581707
12713668
1355298
3347981
3967345
1147624
28613576
1341537
2828050
2435203
8133638
10363016
1497752
2516272
2818538
2960220
3841070
1267795
1532542
1502347
1410776
3014422
4645314
2275673
2811531
3695641
1693438
4204597
1606112
1399922
6093299
6237191
2235528
18808453
1992362
2124374
3556946
35553895
4246442
4681896
1492900
39544481
4740628
2588114
3422954
3990342
1171846
2645694
4496516
48466897
1458684
1779434
51400187
2140904
1654816
2180512
2252942
2423242
2451374
1061101
1256735
1281749
2496836
1312155
3334612
1359908
1825245
3325728
2138703
2185747
2989992
2475785
4243060
3156613
3340679
3385665
4116653
16324071
47215488
33909175
34707159
1656160
38481117
47159804
45638946
3595860
45900310
3635936
3681702
3511392
4411115
6979317
45026935
1248999
41519738
2262523
44018680
39523969
33534334
2292408
14299897
42825919
46591689
10724618
2124925
2002786
4243834
3348185
2076264
2780188
16022400
1908013
4191188
2941124
1779388
2082559
2263316
2764797
3042057
1235872
3080411
1689502
3302827
3480156
2039354
3659838
4542585
4128510
2322794
2194704
28547251
31841163
3219642
2039990
1807222
43215449
1496062
46029033
46292375
1050994
47743817
1539932
1123172
1301644
1820664
1319666
1655976
1119468
1221788
55686847
42953742
56008985
1118905
1035626
1045076
1109200
1437057
3213432
2090061
2243179
2427179
2362404
2798165
1345160
2990467
3078031
3149515
3326537
3508579
3767985
4058013
4199855
47614000
11989579
23361704
34749782
4068764
33882435
30231072
37046003
46764410
1799204
46933063
4104450
47841891
1172291
1194935
2325107
1780473
2629751
30241336
3934489
2592792
10728067
3912888
4344083
43724275
1051221
3232442
46701147
22574145
7991617
2126183
2444770
2694359
2673480
1978603
37849855
2359613
1162533
4240480
1304369
1304935
1340527
3230750
1677433
1682661
3747968
2601821
2908095
3045017
2954098
3125739
3814629
1798488
27582303
37572979
39317469
40036851
2189942
2280488
45987005
4256756
2050734
1787087
2547704
4010795
4163107
39836034
5750087
36500721
2531264
1417473
15307336
1536104
2808714
3036066
3911225
4220462
4909223
4257775
1367415
3388761
37590616
2029644
1043082
1204020
1780828
3428728
2281598
2736037
2787985
1379836
33251772
37887759
2421534
47789731
2995442
44625706
3277361
3317241
3873225
29443058
4244477
4311991
4385801
6063359
28565684
2826234
4630132
2693901
3850165
46644463
40938415
1416219
2871285
2502919
2666925
4000849
4266374
4581794
1178424
7013515
1115125
3538700
1500141
2113357
9757270
3560857
1544701
7982998
3425383
46728999
49980640
1429005
4403468
38912681
43987650
3643498
3766755
1353069
1061917
2554799
4054261
1434009
1487107
1506851
1747027
2894337
1864577
1978927
2407381
2404277
4239589
3930913
2516159
2028845
1186460
11266239
12861605
4220557
3730489
1670793
1829801
2497865
26417767
34646513
1952985
1193730
46221673
2746385
2932333
3538599
1181226
27554797
47600629
1182342
1077449
3046469
1182982
4899247
6112769
1259893
1581667
2162651
4182905
29994387
1488395
2060821
2243835
2432285
1519799
8138263
43630965
49741615
2041297
2599899
2745551
3454801
4150227
45169983
1322935
2719253
3978865
39878811
3224557
10566855
38604947
4385265
2876981
2332179
1840923
34558213
10179077
2887335
2995377
2247123
1614305
38349981
17612763
39843587
2309281
46825151
2279997
2296433
2713125
43515289
3125003
2718723
3142999
1092271
2551801
1825319
3938631
3737685
4229435
3409061
2066011
1857241
2809725
4152609
2677901
2851731
38359185
1519331
4042719
4711947
38569971
3795783
22818179
47101817
1770761
2002135
4434797
4528605
2044463
4705527
41809407
1741559
1993063
2378847
2391031
2967167
3563839
1052007
1237805
2342341
1286669
1864585
36841471
1742251
2077447
3489127
4898923
3264739
37128013
37299031
4284215
9731309
27818061
37938271
8678073
20779111
1976849
2022173
3213409
3512341
4164141
4295527
6472163
26170345
2245469
4307299
28236101
2541685
3662347
32926361
2559855
17881371
32504149
37646077
1736607
2988469
4882749
1878869
2689413
2902109
17060125
18602341
3354271
3390877
6837693
2814503
3593183
3934937
6009321
4652315
9646071
31089315
2190023
1762539
2654177
30699793
4240521
2162793
30796197
4425187
1001421
2049911
2390633
2600291
4220515
9349863
2910319
1049785
1402099
1567973
3313333
3455631
1460037
2401811
3008083
3341885
3843405
15428287
28052549
3317341
4588395
42050475
1120361
2469413
43595117
1473145
2799813
3150681
3336565
1157025
1446721
1645899
1726377
2026943
2098417
1395283
3112827
4095709
2968397
3128543
2370585
3283691
4705061
1520865
3828575
1673591
1836693
2014189
3367307
11851577
15827637
2072701
3453991
4356219
1465445
1722299
2649051
3523649
6016065
1671571
2159645
3175603
3335053
2254511
2395751
2403625
2960867
2143803
1509493
2201505
2540021
1740279
2579821
1559319
1987395
1914475
3664537
2197613
27057369
45290923
7431013
14987099
2268841
2443051
3519813
31654029
3764041
3977275
3897819
33361249
3804133
2731779
3071755
3863475
1223113
2885147
1363187
1749103
1800611
1814303
2152093
3621729
1681673
2660923
4220621
32496747
2247501
2295615
4240049
2061463
30074361
1312193
1429259
2379135
2580343
3017239
3148149
3577515
4255359
4447093
4503443
4619949
23936517
26567469
27278049
2533223
4635191
51867927
2423465
44220115
1696601
2410225
3266235
12237767
1424263
1573871
1641971
1886329
1945281
2661729
3654627
3807817
4096933
34384399
1248145
1623737
1728523
3386487
4471443
41394995
1168185
3629789
1380529
2681829
2899267
2943199
3420613
3525633
4147263
4278849
4346687
4686171
15901131
39169593
1681367
3119399
3761569
1432509
2417407
2445437
4087295
5581781
27954669
2000510
2710428
2819494
3457802
3504074
4260886
34161942
1561074
2046549
2962456
3299942
3307138
4165628
3568309
4767856
28456165
1095755
48122374
2614943
4322686
34581545
4569563
1341953
1483561
1875805
13913024
2239721
40880636
35377356
29532255
1658156
2333096
5647401
4533800
2598838
37223084
1938729
2281692
2182920
4535470
2549139
4370432
2996103
1261565
2333041
3983330
24966490
1089799
42757538
43576928
1754362
2151724
1795967
2257987
2428071
2524101
2607765
26605344
35715714
1634824
2468428
3654745
4165631
34661468
1423618
2941943
1384772
3044053
1393266
2387148
4006487
6823021
23652929
35230141
1037051
1128543
1137473
1634297
1414252
1127178
2082571
2264317
2735575
1731130
4005347
4348919
3207912
39960441
1868991
3486273
1039339
1301107
1220576
1333245
2289909
28854773
1213684
33095297
2161747
1723600
3958903
1840918
3780177
2541871
1115419
1579835
1709687
1791379
2628108
2903945
1710135
2092255
1948096
1681446
2373180
2292530
2694343
2730017
1412090
4346779
1003921
1207950
1478633
1583337
1759479
2174182
2199861
2386147
1736320
2589065
2641193
2811161
3512993
1274738
3865161
2216918
40470213
3866152
38077773
22381967
9341150
36959473
4281747
3939946
31941787
3496868
19476577
4564576
26605256
3531188
4368010
4523874
2101933
4290489
3082073
4269054
3314423
1551827
2172130
2603368
1536367
2171302
1314590
3598002
2931828
1532899
1778093
2341512
2399446
2132787
1205542
1855462
1003436
3045533
4845489
3526295
1748080
1349275
1467967
3381519
3540585
33826857
4105818
1015347
38542776
2922375
1987668
27545610
1303157
4205218
2572336
1737285
1468841
4366946
1756866
2210563
2044920
1124572
1350687
3018592
2109416
2850001
2133856
4049689
45843135
1068200
2502057
1068186
3780796
4490276
1432847
1454773
4878361
33173231
2819899
2676521
12974857
1083772
2233142
2683959
3110212
2276863
1062088
34497607
2287120
2617149
3829305
48985524
34980877
1417688
1142012
1525366
1333885
43300166
2831049
3879080
1957069
31561852
51862623
3867526
3121490
1407727
1797556
1377074
2238208
1403754
1156144
2932722
2584014
2900470
1231418
2048573
47135190
1644404
3519356
3721294
3147586
1021126
2887752
1391826
2307115
4164995
4660539
4844714
1090250
3037330
3795606
2681302
1149727
1544244
2699720
2795142
2837632
3910162
42220841
4031628
1037682
1293400
3361876
1972882
1262354
1793644
3030008
2804263
3600695
23794093
41588651
1029199
1561388
33719877
36876461
1251668
2105106
4218311
1470212
2725106
26854214
35332775
2074815
2505626
4701401
1097262
1438584
3305511
2267168
2339130
4897449
2240131
3558093
46842448
3521589
48313036
3377295
2598259
1632591
28389465
2312626
4855773
1406155
14358145
1196982
3079323
4167635
3677849
33098151
3083704
30368994
1134739
16802910
17500812
44723612
3929818
1268376
1979724
1998436
3218067
3731121
2432213
45006513
4341798
4553401
4454616
4653956
4678132
4887226
3780127
1258855
1419779
2607559
18014840
21878282
30766753
34258179
3956073
35151982
39872548
4271175
2747055
3265529
3446083
41979078
3031705
1916291
11581533
45265044
32909697
3471429
4821483
46232046
2684797
2107041
3660045
1206135
1485649
2216553
3007663
3783917
3995571
27060795
2636725
2687055
2363469
1190662
1202728
16639303
1910171
1631812
1772260
16171775
1097041
3524597
2190114
1421365
2266258
2033955
2287356
2220085
2312436
4416945
4722081
2426854
1331031
3758087
2176365
2488039
2653640
3982349
4902073
3586006
2350625
3882604
3544935
4048664
3735715
8355734
12579266
23212162
33269252
7510241
34988503
37817406
37945600
43002843
46186775
40368348
43022388
3443391
3799351
44915618
45114716
45838262
23799417
39234733
48300632
2110493
3415831
28023303
3358457
49988472
32582341
2228551
3278057
2679481
1467561
2731493
1283328
3957165
4024793
1629956
1788315
1933221
1728520
2762993
3809315
4429157
1824880
1375591
2206174
3419303
2077169
2116957
3264047
2515083
2083129
1658649
2144649
2681036
2417499
1483503
1389915
1222869
2211757
3393902
1401383
3738560
4213240
1473793
4622528
23370947
9982968
1134455
3349017
1062897
1181253
20641360
23809924
26156996
29321500
2414621
30227774
36411908
1923387
45453400
1794925
46160470
3699421
47004772
3783541
2891852
3197365
2910339
43682505
45116318
29833847
2362722
2244592
2560666
44227162
43359035
2863189
2894939
18510688
3784127
4448283
3991063
47776414
4711047
2397715
1294909
2710119
2851669
49119788
1321933
2510787
12340992
3308070
1706670
1514213
1573619
2759835
2482582
2036369
17784361
2682826
33378579
2929710
1396867
2869651
4255693
11641809
23822959
35286476
52756302
1843902
1769573
20727133
2504795
2644669
1818785
3325095
1113239
1656825
1579236
1335071
2627214
3649493
4239262
10714665
50191989
1480346
2507491
2261896
40287407
1098780
1525412
46930189
35957895
46507553
2955471
46133510
1788492
43727179
3303656
4474625
4533974
45743477
2604833
2499695
1524908
14201569
45630947
1894544
2033130
2274294
33373833
1267411
2782454
3113142
3167660
2004315
3526804
3745002
3857006
4006832
1445759
2360025
3905601
18294704
20549252
29208276
2257629
4859839
37249856
3796337
38379288
1222568
1498018
1187457
2289554
2408248
2533034
2894652
1183693
3116792
1184363
4115258
4227600
4345468
4652008
1187397
13775848
4152952
40274932
2149166
42849522
30144340
4068364
2018516
42462556
45374088
2636242
1675188
3063260
1193433
1195801
4874060
2731864
1194893
2858862
1184279
2140178
2712838
2725590
4403350
4595522
1188219
6894462
36034980
40170286
1166676
1371452
1451482
1477764
1791796
2573950
3355424
1007430
1895928
3784036
2849704
3969646
47809536
44267674
1546042
1552284
1686114
2193166
2874642
4390056
49455364
1311286
2717300
13431644
32637164
43661382
1290330
1532088
1677504
2112136
3891442
4273026
2429562
2770360
3650884
4212766
23619362
28791396
1214088
2084100
3587930
2243052
2571292
2606464
3616428
42237214
43354796
1363588
2118020
3441076
27800580
37731468
45868178
1480898
1878134
2293926
2425540
2746310
2785364
3560626
4916212
4916738
8985274
22264278
31610434
44675794
7459986
2810374
42922214
45027612
1012254
48472092
1796558
42589326
2392994
41726544
4294906
3913074
3654926
48948454
10348876
4391918
26936068
47905196
21911152
41748216
2441404
40473158
3651610
4261782
17971604
29727572
1469700
1899226
4467494
29610886
45237516
47701488
27729154
32030332
2425512
42090956
40861058
46448788
1974604
36428276
34539162
40331634
42324696
43257446
2881562
3240068
3245262
1628520
40103852
2048748
2187670
3691812
7547582
7841860
2386762
3398120
2481670
4399344
1410164
43417350
4576088
1317336
2526000
39369636
1873530
37986248
38975450
2598466
3857142
3440734
2469532
4068422
4599760
2761402
4243848
39313746
1658102
4189382
4396456
37705078
6326560
39916454
3082350
3433110
4188692
28838026
37574020
2366842
3574264
2730044
1633272
2608766
39789288
39751864
15578440
1953170
2453272
2750220
3970990
4395334
25395604
3622718
32442110
1572794
1185849
1357152
32661364
38973532
1332746
4644134
12819022
14131926
31640156
39374514
1766158
4807030
14983122
37452748
39361588
3544188
4376688
4605214
6459474
25135434
3883216
16714864
39106368
1363130
3377232
3845072
4218742
4398480
32585294
39491258
1601908
3272864
4126312
36814606
2448250
4103436
1451236
3259788
42468486
2093820
19354462
39381014
29002806
28490716
18703030
3134968
20012172
1466730
2046568
2248136
3609796
39981054
1797324
43087330
1562988
1554234
3419424
2641416
4210676
2434306
1839078
39466536
2667192
4365092
9794890
2741366
44748706
2287554
4723866
1086902
1436396
3055086
2229916
2235148
2326178
2896262
3530150
4064600
4551780
21100532
22355704
28497550
1534457
1015877
33543328
35691684
1424821
47912800
29276437
3372165
4134439
2191758
2587757
3313459
3146355
1977489
47552906
2208147
4690962
1831184
3786011
19447122
1397363
2521291
1331740
2572993
4311260
2956875
39499496
2994019
3315671
3745685
1699720
2434492
8721828
2286292
3971243
37267715
2288224
3450870
1610972
3848564
8435099
2773543
37277475
3939480
23115778
47096211
1135974
1472182
40461405
2000998
14990521
3543647
2446698
31770587
2767650
35587047
42652745
3434799
3581600
3843982
43705701
1024983
4414601
4212050
4387958
2722733
30288749
21841622
23006030
26111528
29018467
26390336
1198175
1509426
2237033
2805682
3832602
4220420
1850861
19704238
19802096
2145649
1279048
1397072
1399752
1517250
1546803
2207320
1831557
2320298
2444102
1477785
3672210
3722378
4013652
1094517
4093818
4150010
1389367
4330206
1496467
1801545
4637174
1431947
3076095
16041438
19225542
43831623
13744022
2590585
3513636
1742458
4068605
1580577
8107149
1706709
1951969
4240652
40060438
1351804
2532949
4401346
2883814
1132035
3664175
3989708
4393735
2984519
2196135
2227032
34193830
4209213
9074782
3574127
1476287
30210061
1087415
24980221
6051234
3798007
24317882
3597067
4343257
2947531
3648945
3612276
2377294
46022213
43372122
3479342
38916049
2759528
33810499
2711121
1795004
2305898
2225737
3481623
1997066
3140799
2100996
1419628
3250989
40936842
3552958
3592277
3210616
1638509
3483376
1753861
1875989
2192344
2225070
2445800
4541229
1871313
2931332
2220672
1110329
1364336
2365811
2056852
2834699
2261480
2493606
2796904
3604613
10172733
2121786
1996264
3465627
7933384
3683127
4152978
1117547
3153444
1063517
3213929
3584683
2583281
2802275
3508747
2238395
2707379
2833871
2404235
1336096
1393488
1407249
2300093
2363903
1054467
1616814
1504259
2590724
1556144
2173712
1312989
3421586
3974172
26753705
4159128
4199678
2094212
1200338
2704874
1813028
1322029
1282928
1887074
2248616
2564384
2252000
2498708
4462795
3481962
2982175
2859926
1295687
2637211
1768363
1244994
4019490
2418423
2965203
4187617
1072476
4521911
2831126
4881743
8407583
41017754
1485524
39648857
1874072
4500234
49047137
3512538
3572536
1483293
3168662
1493271
12025362
1599305
1718611
1719711
1730125
46243918
1796359
1993927
2219169
2222899
2479657
2572359
2679181
2691509
4843780
2804139
3895582
3478059
2550438
3567389
3859967
4097839
4222413
4246079
4084638
4694151
4240278
19346557
20673717
1066866
29343337
1167598
31232473
38489729
3179496
40957877
41128087
44239733
9931652
1090956
1799266
2249962
4244098
2620238
4392412
1278629
2024998
2231412
1499431
1501039
1897553
2137652
2446492
3351270
2006289
2245875
2414473
1092376
1885502
4528146
3473991
3571125
1399632
1337092
4440697
2325122
13144687
34308049
35720515
1801692
2799356
3552282
3749076
3888938
46342745
1220404
46604385
1264874
46768945
47238317
47468737
1923640
2006634
2352473
2273588
3307111
2729548
2809344
3202310
3434038
2495626
2064558
33398227
3560722
5033864
1730429
1392599
3121909
46069511
2685170
1373026
1575450
1682178
23216187
2415994
2433558
2882928
4427072
3180894
40419246
49145031
1423892
1045333
1396253
4382420
1585023
1995309
3244251
3262475
2290536
1320692
4231245
1391270
4258229
4752497
3107200
41236263
15292538
27459961
1296804
39486814
42311684
1915623
31272878
42611496
3117074
29438224
37740836
36715371
1764299
1670014
1856920
4567876
4452323
45818534
1399833
1496743
2165546
32136451
37277745
43173263
40172272
3348656
40973342
2896717
15750742
3410231
3135752
1653838
28327263
1099108
1264430
1728186
38262699
2187036
2298868
2353662
1163915
1547669
1602185
1885673
2206013
2288153
2471923
2570167
2583857
2627355
2839509
2967051
3373625
3937647
4376099
4490801
2741196
17342003
25599795
27931229
28535289
29876953
4448892
1213777
1677383
1752241
2574476
2722204
2466663
3353205
3355303
2532842
3206150
26386238
4267119
4373181
38001248
1972419
44524220
1284578
1364870
43560847
1671606
1962368
1713969
1751887
2877602
1898381
2230589
4240440
2307101
2644872
2779582
2979801
3035593
3527220
3078845
3083935
3084507
21833354
3707677
4547803
3488288
1406557
2730725
3492892
3843304
1969611
34055726
1980125
2626271
3278301
4379711
2178972
36318855
1012897
1028049
3448286
1611316
1416467
1505353
1753867
2096763
2697271
1172377
1432449
2567939
2980159
3806689
5626597
13659799
9528354
37709234
1218753
1408860
1950683
2343802
2912355
3073450
3345132
4615725
31914613
1396278
2468344
2517376
3499646
3753856
1323734
50687879
54391765
3772344
4369316
1086228
1327632
1744136
2260492
4770647
3184956
1204154
1244298
1287110
13148395
21051491
1785350
1963138
1978048
2053916
2130436
2134272
2792001
2165312
2195608
4516615
2325367
2269183
2525780
1059885
1982491
2631095
36478225
1204989
2989042
1434761
3018546
1593629
3062046
1861165
3095564
3745407
40082391
3228756
38909789
3236022
2275641
3260442
3260898
1114057
1317859
3275788
3276784
2523001
2670793
1201936
2866801
1279572
1284370
6918723
1424450
34524077
1606606
1631772
1678038
1477375
1696602
1701924
2397451
2417405
1892842
2529783
1976190
3480015
2053548
2149172
2157934
2158456
11208909
15617913
2226350
1884541
2300376
4351869
2341949
3175032
30619897
3284298
47783339
3228072
3037400
2061103
2794188
2584428
2432942
2894818
2821980
2503266
2708544
1806913
1917303
2428052
2472336
2801633
3424413
2806504
4508783
4533407
4688165
3270526
1084784
1358178
31317757
1530434
1638768
1702630
46892147
47358709
3178471
2034790
2196242
2370654
47676095
2813004
48644653
2303581
3201544
3231762
38893407
41264893
38859217
39779103
3552169
2625157
1729501
1195470
15246009
2007492
2491131
2323343
37510801
2054011
38881601
46129892
2404717
47943406
36856770
29646934
33424999
2315002
55696927
4376234
47235815
44459661
48651039
2096873
4909966
7913185
24115157
2444668
3233217
4460709
4510469
1271868
50168401
