1031854
2940951
3001197
1361917
1422442
1078857
1431124
1195428
1301943
1326414
1328517
1518537
1696765
1727122
1787256
1823386
1829137
2187063
2007301
2413767
2566677
2638092
2226103
2327893
2361058
2409268
1014060
2971470
2663629
2159643
2779984
2226438
2581626
2790142
2854077
1530405
2892567
2433324
3139969
3195400
3242695
3388201
1173837
3469600
3523222
1246401
1322997
1329237
3592708
1365315
2031093
3967849
1423116
1426068
2313804
4078876
4099597
4140943
1405608
1408668
4368202
1426662
1458126
1567872
1623582
1757574
1956033
1996425
5885275
2198592
1294864
2411139
2504088
3260416
1104778
2798022
2858394
1212973
1117443
1331008
1285431
1623528
1428328
2178570
1431874
2220603
2298225
2459976
1622926
2564391
1627282
2136457
2902248
2310010
2324695
2439094
2542732
3008175
2622772
3022659
3551026
48683517
3960319
33445296
3803976
44640573
1959769
2333545
1403947
1872238
3663399
2109211
3913668
4672539
4705941
1731007
2201767
2155924
28309263
1195582
34679256
1265329
43911960
44351058
2006335
3181228
45476061
1749316
1747252
1650043
1761588
1871527
1820931
2853184
2021328
2808301
1598629
1681462
2382966
2405070
1760890
2426310
1911487
1986757
2786637
3233679
3283377
3454248
3983250
2341345
2453470
4278039
7912797
2504608
2664064
4328481
1097346
1294284
1991175
3479929
4151262
3900262
4461519
4653192
4810197
4822881
5994165
9989085
26532252
29673705
36806355
2746822
39080289
1001776
41631885
47385720
1060339
1062997
48390396
1065475
1071463
1106413
1292934
1176979
1353258
1388493
1465296
1689687
1808802
1469284
1486930
2012964
2130147
2378358
1765942
1776883
1868011
2621166
1942471
2659581
1963108
2818608
2270143
2328268
3410241
2935045
3666036
3676135
4416099
3924295
4479432
4167778
17465223
23544861
35272566
38223195
1189999
43386180
1280584
43477974
43941189
1349383
1381789
1397923
1307325
1390935
1395996
1469593
1531089
1581453
2478900
2558574
1993636
2104168
2140078
2947866
2971731
2286676
2426848
2528857
3574848
2626468
3611415
2640421
1331598
3348808
2465553
2828628
2949396
3927394
3916311
4047913
4193770
1027516
2058274
4253989
1243375
1549789
1661824
2602909
1083930
1213755
3223699
1505730
1590933
1683609
1779315
4919086
1859385
37048432
2025570
2028678
2062302
2077077
2090028
2253309
1164469
1195045
2814351
1392628
1582240
1775050
2198659
2338168
2855386
2873071
4470777
2900650
14405979
3284863
3438982
3640840
3831621
4099303
4534819
26570035
1838379
1037776
1055074
1088569
3629784
1144624
1381690
1356366
1672030
1689037
1758403
1789713
1848211
1954648
1361352
1442751
1497453
1683267
2184760
1839681
2235949
2448414
2483608
2496475
2823507
2798479
3222147
2835190
2902756
3519777
3362377
3438397
4454832
4279477
19025154
4337731
30657723
30735357
1002393
4583962
4860595
1320675
1346853
1385682
29568901
1435239
1471452
1050922
1066882
1304869
1833708
1865814
1906218
1997448
2038818
1686376
2182884
1855426
2033350
2059804
2226388
2292135
2340501
2365854
2438565
2468392
2570553
2898463
3009313
2813508
3528700
2894952
2462887
2942649
2943246
1089442
1160848
3269868
1784683
2541325
2620483
3809944
4048581
4673362
4197333
1158261
1988919
2381073
36446259
37092676
1738716
2151672
2182461
2708682
3888162
3670068
3194154
1379019
3204804
4127070
46097395
3924135
2885097
48462103
1091799
1018744
1101393
1280199
1346769
1392675
1464951
1355104
1480719
1502107
1518813
1535002
1567639
1573300
1619899
1707805
1686915
1819135
1834630
1843618
1856719
1836258
2192842
1959912
2258932
1984680
2329711
2046501
2348749
2051142
2371057
2088606
2435851
2499988
2518369
2284614
2665036
2358282
2418312
2430510
2824858
2910766
2694741
3539518
3566209
2991915
3690148
3164865
3184875
3863902
3879925
3324444
4055113
4132507
3863274
6345418
6875278
3974232
2340609
2349186
3148476
3854205
1742538
2483094
3955218
31957417
1222138
1248616
1348057
1551586
1031922
1638820
1095171
1127193
1239540
1862077
1306173
1330407
2073673
2138398
1399641
2716381
2058606
2817400
2169972
2291703
2365401
2460633
3371539
2543316
2566857
2892549
3174501
2731549
3941457
4220538
1567816
1762843
1151988
2257201
2331517
1241667
1433754
2425543
3025777
3259867
2620230
34277920
3157203
3174495
3275448
46402156
46613647
32445673
43686228
45437217
1048623
1051722
2850871
1147620
1215072
1331319
1399179
3741031
1779547
1451226
1435015
1596699
2877949
1644690
1821993
1958652
1894051
2091183
2267238
1551565
2417566
1766104
1291975
1702936
2818665
1318045
1346575
2505414
1469752
2667711
1611718
2705844
3165519
2803539
2463105
3310551
1988344
2051515
2098735
2399319
2174089
2689602
2342404
2344315
2347291
2186979
2716356
2590999
1421313
2736058
2301948
2811478
29857845
1472241
1556289
1991487
3091069
2256558
2397834
2484717
2868705
2955036
3395374
3101949
3352026
3361017
3510493
3480978
3630145
1231210
1249024
4331181
4407405
4581282
1313386
4613994
1336858
1367827
1377904
17531088
23253030
24250101
30234138
1468969
1474417
37110459
1644685
37848933
38947836
39997407
41220969
2109460
2257942
44980188
1494366
2294125
2667448
1794792
2201439
2889001
2628081
2968411
2969854
2869641
3002502
3328225
4362522
3673756
3769888
23680197
3989263
33989745
1351599
2680282
4405839
3712810
35684190
42765606
18989944
1021681
1072702
1212726
1328997
1428111
1638564
1606354
1882683
1884753
2209951
2579275
2844559
2351946
3020890
3526444
3714250
4003993
4402096
4435318
4675944
39780370
4821072
8739594
40933483
14941047
44614330
45527128
48833413
47482473
1087512
1109910
1121211
1126206
1178913
1330359
1428660
1115287
1121836
1469916
1360612
1524256
1536322
1705369
1749925
2427288
3644835
2440243
3785583
4018095
2541828
2950195
10359909
1080327
1115982
1446441
1688910
3568339
4051680
4023205
1001238
1122078
4866697
1269357
10051522
1392030
1415418
1951647
2009100
2544594
3219702
3690225
4139007
1043818
1293108
1067695
1622196
1653216
1668738
1323382
1904757
2034096
1818835
2119897
2832786
4590522
1694619
2486677
47960913
2683207
1303419
2877646
1468002
3064180
1857060
2224284
2285130
2309748
3549790
2733633
4053657
4111554
4472526
4742172
4381150
32130930
2653759
1073938
1270390
1434004
41629560
1579174
1990084
1063875
2142772
1227609
1515246
1562670
1565790
1815825
1884558
1895721
2489620
2065134
2075493
2112222
2153559
4159270
2298741
2318460
2526798
26526757
2809239
2910456
2941407
1320295
2954304
1456648
2956260
1687147
3062319
2027503
2040298
3175839
3282165
3286074
3445635
3488919
4025011
4134256
3612075
16936363
36813547
46184551
3687933
3765660
3772032
1661530
2140204
1923559
4202751
1272145
1176406
5637670
3304612
4895931
7698699
14407494
15528636
16283412
4233787
25572150
26171157
38671072
40605562
37452996
1938229
1677007
38244696
1107763
1528780
2170045
39747892
40600572
1069413
1212747
3952198
1386291
1548321
1569792
4566586
18039529
4692223
1063495
1165786
1915827
2775414
2610771
37051494
1934325
1846837
1970815
1937070
2536569
2552667
2031943
2078725
2170156
2269774
2283739
2875950
2313283
2393680
3109419
2527231
3341478
2637970
2712991
3649902
2918851
3079978
3100321
4539159
3160630
3349963
7242048
3908164
3917533
3990769
4017520
4043788
4230451
4376731
4669642
3014382
3903687
2089023
2625348
6043945
1285740
1406502
1495323
1537152
1564848
27523123
1651296
1694481
1154911
1827403
1918722
2888095
3442198
2013030
3832024
4257910
2092512
4635982
19332088
2353161
39221365
2467287
2518818
2619420
2748351
2866596
1177858
2164054
2246599
3844975
3909520
1458129
1569648
2250711
2626017
3171657
3331608
3440070
1238926
3542523
1311393
1922481
3530620
4779952
2552118
3693286
2991117
2626963
3240222
3698658
1402282
23817246
2706208
27234927
29931225
2634064
31746516
3092716
36746916
39489477
41827041
41937111
42143937
42241842
45882663
46995564
3948199
1093059
1161102
1202955
1237788
1254738
1459747
1401843
1420356
2236519
1516680
1532337
2528941
1574139
1645935
1660629
47109064
1691118
1869144
4360042
2050674
2108370
2151933
2163480
2166978
1282057
2226501
1357987
2251500
2282652
1682722
1732339
2368812
2902474
2512869
3514663
3822136
2653509
2658885
2674347
4269295
4026060
1203582
24681520
1734054
1908186
2095344
2172231
27250147
1220775
1477272
2240994
1970647
2744593
2869090
3172120
4106356
35434797
46471122
1218177
1191130
1265836
1526827
3103426
1375758
1770213
2229102
2422842
1000810
2527989
2698869
1786533
1010812
2053038
2135976
2466015
2466867
2876826
3197787
3206487
1434985
2054995
2321983
2475742
2744779
1459416
1783788
4004854
2319258
2363022
2665410
2921799
3069771
10798216
26106463
3509523
3534438
1122991
2867943
1226716
2907978
1468297
1313028
2360925
1317235
2038045
4360245
2512414
2851663
3314518
40225222
1687702
2090917
1010655
1588164
4144687
1806225
1823787
2166543
3406983
3914646
1427238
2273502
3223951
2044357
2667367
43748637
1246828
2324646
1117561
1157782
1181872
1190263
1233967
1247113
1329093
1292503
2155170
2185875
2314449
1424800
2386233
2386584
2525607
1488496
2616111
2777307
2777337
1664983
1686811
2814090
3412822
2926299
3303486
3414627
3725629
3494418
2509687
1694851
1197678
1977532
1997239
2249104
4065072
3336982
3859780
1406451
1245652
1295977
2009515
2245308
2954776
2569554
1732468
3282343
1310607
2202769
2059372
1850053
1647618
1848912
1849263
1944888
2062926
2084142
2176116
30440968
48492592
3194094
44275609
10011120
1313530
1349131
31348707
33868341
1537924
1796089
1441251
2017165
2042083
2254840
2424918
2485276
4276248
2740576
2765974
2796019
2830981
2346909
1335054
1761750
3300565
3451123
3496327
3499255
3514954
3910609
3559575
3965230
3784509
4200811
4230898
4427503
26040459
46192611
9570334
1069725
33987061
38506651
39449197
1194852
1257867
1893735
2124390
2385660
2795739
1092397
2815623
1106980
2865618
1111369
3134547
3485178
1194355
1286398
1476016
1601905
1791754
1873768
1216242
1978141
1410561
2026363
1472307
2096878
1533129
2100646
1639848
2206750
1778925
2216032
2004744
2224666
2114538
2125239
2171721
2466355
2195574
2212443
2215623
2575408
2405028
2469474
2849532
2721562
3982074
2679615
2763202
4039983
3391911
2663949
2839839
3206434
3263592
2516604
2286225
2444814
1262113
1241163
1387254
1694532
1718556
1487011
2290275
1788163
40235904
1324938
1431672
2019223
2109295
2123218
2415057
2279782
35003250
43709718
34335666
3894213
4019913
3024240
1172823
4872222
1118580
2074617
1113126
2930128
1165917
3029569
3295195
2193189
2218047
2242179
3850159
4244980
1549582
2459371
2947551
3038910
1138225
1356631
1500838
1796803
3440790
1843507
3982107
3446221
8912259
1084786
1085155
1089688
19673094
1214308
46083081
1421179
1426516
1062540
1073931
1459216
1463674
1205829
1317870
1321665
1570486
1578706
1617688
1648845
1654429
1712200
1901706
2099073
1818253
2007349
2067016
2104255
2109745
2283672
2134345
2433249
2226580
2434381
2728851
2772645
2506390
2520385
2620960
2909946
2718034
2723737
2807284
3011149
3256546
4408704
3575641
2153097
3631369
1128775
1179058
1243009
1296838
48727914
1519014
1753165
2038200
2288709
2113240
2159992
2597934
2224783
2224969
2240290
2331844
3212554
1281948
3033502
1307703
3623887
2646889
2884969
1409691
1421964
1488504
3645502
2879893
2561839
1582911
1625592
1636233
1661718
1722882
1825506
1872216
2387425
2411650
2453620
2054805
2503951
2142903
2577937
2177214
2595829
2684116
2594331
2691960
2784324
2851354
2844609
2859790
2868646
2980783
3061950
3215179
3490518
3684595
3514881
3453940
3553911
3664539
4060798
3880312
3604969
3850116
3126784
3200182
4203603
4221714
3820252
1114272
1118523
1143559
1279474
1430959
1340817
1739305
1368195
1374126
2120191
2145793
2303230
2198337
2671897
2715139
2329548
3060127
3183856
3356680
2795508
3421525
3522718
3616639
33067243
1249687
1717708
2047714
4059697
4271779
16997725
2317258
1607097
1098078
1355490
30792778
1656408
1852866
1883988
47231026
2063088
2172546
1988167
3312325
8348278
25592253
1189435
1453914
1331551
2394291
2600274
1434343
1518649
1737085
1767586
3699504
1930939
1958539
1959553
2243656
2284987
4896660
4542262
34703887
1384368
1504153
1820460
2445967
4360276
2999385
3232758
38750728
1486666
4093620
2539957
2777905
4419342
3330547
3830503
4012513
8839122
1870548
4512094
2617869
17405170
1366296
1447509
2112636
2759958
1063525
24082053
1279276
1309141
1321384
1416196
1570924
1584742
2111505
2325903
1968052
2584818
2622627
2077660
2229703
2269759
2679948
1951692
4598565
12011088
26496549
2731615
2155251
1399548
1354014
2864140
4023561
3137557
1921632
1339569
1446826
1541325
3413754
1761697
2126065
2200243
2216425
2247991
2794852
2825488
3894721
1010497
1048348
3789285
3905781
2243625
8198577
49037598
1035594
1248183
1174426
2027481
1193515
1232428
3278211
1248277
3881859
1333363
1336585
1407553
1409590
42980691
1447315
1179975
1584730
1718920
1742533
1761160
1771735
2286078
2300187
1807981
2610069
2953593
3222432
3316128
3738987
2005114
1001175
2185930
2215801
2276074
2339950
2437798
2468527
1775343
1867467
2490436
4217583
2848246
48076008
2913469
2967151
3078715
3300673
1688067
3429106
2211243
2412783
3665833
3009069
3460023
1129185
1530111
1322077
2604582
1816090
1864960
2102713
28649550
2932876
3514962
3234985
1268037
2029272
2381904
3714337
12438648
2854638
43774491
54746529
1018506
1164129
1320525
26465056
1402494
1438521
1635210
51150271
1743546
1777944
1911342
1929756
2124627
2216493
47370835
2743221
3015084
4867489
14442226
3874662
16719358
18542674
31313932
11258412
36734974
1008264
41316547
1061019
1138107
1758859
1303488
1967614
2039166
2449548
2400697
2501002
2210223
2646118
1812615
2000715
1383672
1409949
1762245
2023383
1755327
1830612
3738457
4032349
4220530
2214540
2908446
3232536
3937338
4084095
17452009
4220637
37312096
36651736
4851678
2392765
15935073
16387288
42030981
3100018
1676781
1824402
2597691
2626854
2679162
3283398
3620484
2490244
3669756
3984174
4047339
4545783
18072453
26539743
46785729
2684175
8521899
44211399
1277053
1378783
4242255
1478788
2269404
3687447
4047660
1844644
1860619
39590769
1933501
1415199
1446366
1661172
2850078
2089618
2097016
2520094
3766815
2727097
2767495
10670904
21569121
22294014
3315460
42460359
3804814
2713839
3476133
2740335
3188304
3954468
4677544
1528785
2710488
2899473
3480162
4721635
1191627
44163588
27722823
11425999
13621909
36605292
1975443
1929246
33448054
1085721
35316088
40621428
40314808
2191647
2386428
2743527
3246309
1291624
1429477
1507174
49196772
1407657
31871085
1912354
26376309
1026426
1112046
2565277
2636518
1245510
1350717
1457979
1493589
3794863
2311773
3036549
1200124
4002996
1496881
4606794
2158855
2172562
21752244
34250067
2195797
1129320
2961427
1393155
3124648
2840949
3162222
3526708
14084097
4741669
7077829
17834032
1248426
1476657
42116269
2556168
4639857
13139331
50974375
1269637
1439134
1489291
1537591
1472727
1571875
1813770
17247867
1887817
1321218
2195665
2342127
2223532
4118373
4435140
3125932
3344194
16972101
46891812
1169481
1239855
1250478
1302015
1342704
1670871
30043765
1880913
1214818
1936767
1299610
1791670
1829182
3320826
3495057
3733200
3177310
4412169
1280211
32025199
3299574
3803211
2575486
7187934
35585973
36549939
1167814
1206591
1218846
1377586
2095920
2168253
2282694
1017672
2194885
1133736
2479765
1419084
2663347
1890594
2959474
2963338
3033028
4107183
3452857
3722362
1195728
3857878
1851585
3915238
4025131
26644992
28319824
1051653
1192725
31656661
1466127
2222271
1159375
1225036
1412674
3375192
1480687
4409829
1553692
1730331
1786012
1873417
1923669
1882768
3175914
1367463
2164990
1475379
1557297
33748857
39766026
41294010
1067424
2561980
1063533
1066677
1227789
2656141
1314819
2693365
2945563
2134197
3030118
2360994
2678496
3024969
3143410
3253663
42001353
3582079
10979085
37028610
36028845
43567747
3924793
1298184
1591824
1506286
2258488
1987396
1431931
1291228
1743286
1770196
1640388
1862976
2110747
2845597
27088653
34324062
3436477
3540613
1805328
2176515
1060423
1143838
1165942
22214850
47311968
1373128
1427488
25564776
30039483
1462846
1613659
2912484
4491669
12051579
1717816
1765012
1769992
1800745
1813585
1839619
1861435
1878199
1933318
1937710
1648698
2119084
2567160
3550167
3628707
2217349
19556493
2271769
1103487
2407957
2425324
1138296
1143432
1246131
2540713
1411368
1476579
2661004
2766862
1984143
2254383
2754636
3003055
2938440
3008089
2946324
3031597
3178405
3254764
3307957
30593307
3336202
3514783
51907845
3590866
3677797
3692329
3694684
2635959
2750385
3106695
3691992
3757300
1468638
1805550
3929545
2568774
1953976
2513035
3895983
12895974
1033816
4202527
46122900
1329297
1794516
2058132
2386179
1123279
1166935
1304701
2713947
1314454
2781123
1424131
3439740
4220529
1623556
4607046
4625697
1856005
1923934
7769658
1952611
36378912
2237236
2329861
3035289
2408011
1234947
1254318
2549320
1395651
1396713
2688696
4092408
4182606
4578355
38997414
1548612
4677319
2265138
2501280
3042555
3519166
1217739
1682295
2720655
2869147
3188953
3199930
1215943
1280020
2688841
3336439
3435205
5151376
38510686
39377635
48112768
1075618
1166857
1252699
1455184
1794526
2219293
2253577
2298424
2537323
2672536
2721178
2914675
3164671
3860299
1091689
1256218
1292992
1363816
2261230
2394046
2730979
3087106
2514628
2878942
1016305
1260667
1476703
1804870
1851532
2015848
2058592
2217436
2267212
2391691
2589790
2768470
4220527
4871671
26544046
26696140
32222992
35906059
3585811
1096939
1952530
2379829
2422825
3028021
4220533
4342024
1298662
2652046
32748592
1267942
1843501
2058115
2068795
2153614
2170081
2298118
2899468
2925331
3146944
3215038
3289486
3414265
3535585
3726691
3883291
3999787
4313791
4704778
4867288
13749748
33071296
40474972
43630429
47681743
1155637
1249810
1253941
1306204
1679509
1683061
1739926
1928098
2017309
2025925
2117470
2503582
2751835
2889751
3301213
4490410
4559452
4879105
1381990
1518799
2778910
4116688
41470984
1208554
1212622
1242271
1291606
1418725
1454794
1636969
2398438
2580538
3956545
4220476
1094086
1276999
1437190
2099374
2165875
2280172
2913970
29310004
2041966
2491777
2620357
3144961
3470932
27194011
36744589
1316086
1332997
1429813
1430995
1480744
1585807
1661383
1838464
1869961
1903549
2154271
2186524
2187256
2260633
2272282
2291440
2370283
2392567
2555704
2713315
2772325
2792107
2860264
2866168
2877070
2878132
2879257
3146308
3247078
3666679
3683050
4160770
4219813
4460095
4598089
4653676
11734624
22170982
28009909
28733440
33364303
34616851
36351370
41094208
41863441
1030357
1170901
1331509
1389856
1456192
1836676
1993951
2051854
2245489
2254882
2410015
2544553
2562724
2597281
2625826
4088446
4096510
4279066
4580320
4597636
18080203
20748835
3838983
3986889
4487163
4692546
13488018
38016876
38876001
1935792
4769454
1670124
2748444
3532242
13647894
36988134
4577619
46517805
1371180
1422390
2084397
2839044
3746208
51683565
2120136
48153846
1032129
1093704
1244205
2095164
2737380
3837432
3877320
4799955
6568773
32585937
48605544
52983696
2698515
46823253
1311966
1342917
1383624
1792395
2182464
3757848
2126700
3896232
2611638
3256596
3332202
10374219
27415734
2188785
2227818
2614989
2008500
2063589
2072847
4322712
14062860
22705320
32512869
38387457
43112598
1352511
3563379
25468044
51967482
1021026
1149063
1186290
1464321
1496070
1766313
2076333
2562282
4397052
26475735
46739970
2201277
47578710
1299111
1345071
1617462
1023621
1768245
1282293
2452140
2016555
2187039
3356166
4007691
3068406
1371516
2429307
2891946
4220490
4856778
12476904
1361121
1415454
1706610
3603159
2898855
42687909
1050105
1331058
1426785
1739058
1799724
2236317
2257089
2304645
2547558
2776161
2776941
3589281
3846846
4571781
4712523
4826178
14587383
21271251
31962369
40235880
42850182
46264698
1227603
2056752
2802162
2913462
19506147
27351786
34490943
34567902
1115667
1841658
2169333
4053981
31823763
1467339
1495923
1864881
2864055
3712191
4115574
4523844
1050885
1314315
1428366
1543956
1678701
1825302
2060952
2396148
2443599
2839764
3010188
3222867
3417963
27193332
42397593
2121933
2560212
4321644
4406850
38470095
1025745
1466340
3255642
4127016
21396843
21904605
1260951
1384194
1389153
1421775
1524570
1767807
2264454
2339856
2528694
3057879
3165642
3282564
3721359
3753951
1134183
2821005
3565272
43182429
11416680
2181627
2888355
3669141
4118259
4273665
14733984
33251191
4007508
15955572
1213836
1227942
3126745
1287756
33035995
1411479
1286587
1641576
1669287
1362175
1691994
1788471
1448059
1934895
1506856
1508308
2032632
2051703
2084181
2138019
2214330
1871158
2406759
2441502
2169400
2199709
2551188
2598066
2433067
2786610
2826711
3040785
2739979
3163179
3279453
3310872
3403108
3397071
3467094
3504439
3705352
3881452
4236114
1213129
1244674
4459920
4728117
15506517
27717072
1526971
1809811
2107285
1569471
2829676
1096807
1082334
1190092
1326910
1324242
2064340
1465359
2004000
2966080
2258823
3062737
2285331
3343978
2354346
3434695
2514792
4142896
2546196
4386631
4774531
2597220
2719302
2770770
2941857
3212082
27681298
42607474
3774315
3791139
46554115
46731937
4215216
4359720
1003699
1118935
1176034
1231774
1264201
1282738
1647141
2502048
1488412
1495678
6529743
1537102
1656964
1209822
1216554
1732786
1773853
1231923
1851025
1947154
1451721
1479234
2070430
2126152
1691178
2127436
1767186
2157535
1987659
2096790
2246449
2135778
2259094
2170653
2286361
2173233
2309596
2309842
2419512
2342407
2459737
2834142
2508157
2525074
2568265
2601058
3615192
2708947
3722022
2718940
3840141
2792788
3900636
1228021
1367554
1403245
4220568
1418410
1438036
1461346
4240122
1905415
2001694
2184109
2233090
2368504
4325577
2066077
2310613
4413507
2936314
3134416
4518339
4534389
3412873
1280379
1331412
1352640
1390845
25502647
2947299
53168212
3626358
4020411
4117038
4128474
1643239
2314590
2154229
2492557
3411676
6688603
1397922
4867485
1090014
1132314
1389226
1395289
1562737
1928074
2086648
2231626
4438932
2964715
33252486
3028222
35720925
3296386
1535599
1612795
1621015
1716793
1794844
2192290
2219503
2281108
2784546
2354740
2687440
11638059
34945713
2872846
2896519
3064108
3084379
3265993
1193949
3415954
1290468
1716345
3505837
1378411
1793343
1771270
1393524
1235724
2365603
2168472
2403487
2623104
2584663
2613727
2681833
12791205
1048911
2867578
1305420
3573201
2185213
2779000
3495832
1188669
1409703
1500885
34696222
2527473
3194701
2381424
3404563
1816150
3319828
30283035
19225456
1091925
1496157
1562424
4229791
4220497
1583427
2072025
1863925
2107036
2113201
52935787
2789520
2807841
2039491
2823862
1699288
3501166
4093947
4224885
1694812
1356016
1499014
1599982
1690051
2351260
1544074
1888231
1458120
2725816
3824980
2536465
1098463
1431925
1845505
2011906
2808925
2052210
2997628
3216601
3310612
3433849
3487303
3515281
4348819
1687360
3628981
3806437
3975904
4360441
2220465
48753463
1140568
3346527
2238643
2063626
4364569
4198254
1259740
1273354
44693157
1359442
2168788
2775873
2815785
2461873
3545583
3998577
3135952
1330002
3717910
30985824
3738535
3854110
1078020
1245396
3927309
28458433
1092754
30818808
1622329
2361463
3007555
1737511
1184083
2807160
1208476
1390738
3398601
2170069
2218363
2331880
48321249
3411843
2402806
2467444
2023809
2757985
1411785
1451007
1644648
3092239
2216097
2447958
3756160
3313230
4558201
4916374
4444221
4463583
13008163
25845975
2420742
49057894
3764286
1512802
1415433
1490529
2298855
2354802
2558817
2738887
2825377
28866195
1058424
4717240
1460901
1081219
2116017
1131280
1155280
1161961
2836179
1233901
3592335
1272844
1359724
1363546
1429852
1521664
12651882
1532917
28744251
1684522
1806289
1913149
36780699
2068720
2217922
2280568
2364064
2384500
2430292
43030986
2440171
2474584
2533555
3741279
1004994
2908168
1242684
2682465
26495181
3285043
3377499
1227390
4670370
2880480
3894421
4295050
1373097
2686587
2659966
1141359
2687746
4333098
36682176
3564343
1391538
1426942
1641010
3995904
2690608
4210795
25918146
1393144
1423531
1599484
1705317
2120809
4038579
4553265
3600312
2312044
4605849
16743684
1193739
2808769
3636219
54452665
4073580
3906613
36748878
49188033
2453841
1840684
4196427
2333875
1702374
4220599
11893554
34303332
1091464
27902997
1300504
1518430
1652427
2228769
2054446
2061358
2477310
2637673
3026578
3502905
3925284
42412989
25442190
4400400
5227438
1762611
33329380
34476943
34670737
1107414
1250289
1371222
1388808
1438824
1872543
2336316
2403939
2626944
1288474
34151235
1665988
1719196
1794181
1890832
1902802
1097634
1637595
2024652
2196379
2227456
1209330
1297440
1330530
1815639
2203884
2574042
2865885
3229401
2742508
3640629
4360380
3315496
4814328
3332257
3955732
3990463
4220413
1025598
1157397
2951472
1620781
3844203
8350536
17608108
46593010
2315410
2181543
3081922
1050100
1085935
3356421
1137577
1138057
1146355
1220713
1298488
1764198
1310656
1344379
3035892
3842781
1437556
4381704
4865178
1876227
1636876
1796131
1890007
2099197
2121115
2132518
2207173
2727627
3010221
2326528
2533948
3567306
2550949
3749223
2609458
4357290
5978337
2870755
3043555
1057926
1304313
3044659
2048706
2937579
3146920
3287311
1562361
1681311
3523126
3730255
3882682
1135782
3927697
3929944
1796574
4017466
4384543
1673955
3857646
34163100
1154650
1802151
1191256
1307254
1309480
1377625
3754854
1514959
1081365
1576915
3076341
1946008
1037427
2283445
2298016
2329945
2408536
2511913
1366035
1481649
2777584
1573323
1659852
3250327
1754829
1759239
3601162
2280804
2558916
2649537
2924814
3083199
3200631
4059145
3373722
3704307
13917409
3087538
1126099
1144393
10336755
2279647
2339590
14277438
2663434
3107752
24924735
31711983
3967060
38916709
1769908
2129968
37828014
37930971
2603623
2831602
2921554
3976804
1918590
2708082
2767248
4577209
3241287
3252999
3336558
3448731
3602760
3639042
3817065
4233927
4240713
4276071
4359789
1629673
1912417
11377908
2028265
19498803
2359870
2405983
2445643
2756056
35236689
2928331
35438295
3118798
47438862
1743339
3637423
40780710
2343129
4313089
4013328
4037682
2857174
3487021
4376080
22767045
1203748
1691929
1697134
1776202
2249524
2298760
1348290
2441353
2580517
3821221
4463458
1847089
3015067
4248511
1389538
32240536
1392703
3166011
1364551
1710289
3951103
31491420
3382297
3496147
3558187
31778022
4489684
35839936
4885657
3321130
36615484
4356532
4808176
1117063
1063995
1180209
1770489
1286983
1464709
4509474
4042107
39384615
1304907
2443515
4172904
1278000
1319004
1264654
2333664
1733839
1802767
3786060
2160094
2188995
2197839
3516178
21325272
5453617
46038408
30125952
1062820
1824324
1306029
14666310
2390982
1658502
2596389
2193081
1104820
4068582
4519734
26592153
1283047
1356805
2491561
2567239
4389627
38245455
4385763
2410698
2423131
1257384
3523537
15452346
4033809
4590561
1906983
4638607
6183429
1141812
1180503
54725701
1425348
1754643
22347064
2556378
2709672
4244917
3164355
4020928
3469104
3980412
3262720
17099832
1156089
2612179
1322958
3202642
3834433
3689368
1374451
2251429
2402082
2139487
2279092
1222840
1306494
1331704
1357516
1365502
1767285
4253256
1652719
1362174
1855027
2053566
2402916
3497571
4402608
2062456
2135767
33633792
2232328
2635989
1074016
1667964
1101844
1189270
1264330
1271893
1326904
2174634
1376767
3577470
1409827
3886374
1239450
3376554
1579171
23966868
1669525
36457521
1815694
1850128
1329552
1941154
1580553
2170593
2192608
3850275
1057044
1308217
46292418
1370656
1078962
1252632
1298652
1817058
2562861
2325106
2426938
2603821
2914557
3323053
33225879
7121593
10501765
1769325
2479014
3504036
1155715
1104025
3308430
2541391
2637823
1289109
3054937
3322474
3521698
1458012
1461216
4542865
1267645
3128640
2433448
1235007
3404253
3095746
3600348
4450801
38980462
40483042
42257551
2901706
3516988
1051029
37241296
48914323
2135895
2556432
2628027
4627108
2978394
40692358
3420309
1408975
1428712
1449244
1581793
4149627
9945801
2217367
2583208
1023951
2741401
1108071
1109436
3212713
1475763
3620260
2179290
4474783
4522555
4791952
2741928
4686120
3826122
38439193
41732515
4438305
1271308
3198633
3488898
4068885
2515951
2460833
3852701
3180250
32682628
2041096
42505751
5355951
46475906
3077296
4194463
2455811
1334457
1360179
1413108
1726161
1764492
2348035
4321421
1920828
1036004
1049291
1970922
1994217
2769670
2216727
2266122
43256035
2294556
2305836
1523809
2213984
2469447
2504802
2525040
3071027
2583021
1205722
1221019
1339477
3044688
3093546
1401442
3875231
3254514
2033653
3567486
1408211
4245953
4885295
3886845
3406519
3926046
3479545
14937064
1297922
4368084
33277912
34046011
4496472
44519590
1731260
1575793
4628388
1908785
4740822
1081900
4851867
2210834
5463741
6346194
2218097
4234324
6000106
34346011
11110560
11173554
35762023
44859445
2783420
2800769
3049307
1017007
3538433
3545954
2407375
2501203
3803906
19248879
4222847
4323233
4394666
21278492
20205525
32085559
21914298
42410294
1301845
2846028
3569259
1527525
35582134
4502544
3766392
3289653
13340753
4786899
1280797
8298617
2838516
2860231
1210584
3020887
4298164
5512222
25627523
44028762
9512376
30500751
47603424
1131745
48088878
47884983
1344970
1378120
46244907
1625847
1565653
1318978
2100951
1399045
4105608
1348528
4243494
1377391
1465620
1315045
3374073
2323744
4368282
3985813
9652662
1374986
1529873
48819537
1711796
1617001
1316797
2029013
2120675
2196491
1371291
1380204
2316542
1584303
2348333
3682912
1674693
17089387
1720530
1159276
3214622
2571795
2302570
2662213
3573456
4095810
2963056
33324578
4798365
43085393
18978523
3529766
1134309
14657837
1536207
4470536
2330709
2485275
4741146
1389937
1741135
2309125
3629903
2594833
3143941
1880700
1884810
2015244
2018268
2118399
1434505
2539137
2421103
3241817
2743543
3126457
4108186
32208834
2563914
17300264
1048237
1263559
1671513
1415356
1631023
3855189
32706176
1802821
1075512
1997971
2178649
1128312
1522179
3051928
1509815
3020212
4387576
3800544
2890279
1256646
3585706
2480999
48545446
1456467
1679766
1886434
1700154
24540104
2495015
1540981
1810467
2329425
2340039
2503422
1148140
1505734
1959844
2971366
3831966
1169873
1221374
1346150
1356686
42077931
4439962
1508606
1150785
1167588
2038199
2455025
2628851
17580900
52179522
1077753
1258464
1195102
3286298
1282093
1283521
1293463
1324207
3389147
3501830
2146633
3913847
3923180
4118504
4479936
3052267
4542561
47826295
1495503
1562712
1633518
2093430
2367105
1556378
4332513
44464083
45441732
48520509
1056972
1177782
1337499
1507161
14135516
1725531
1743351
2099319
2175795
3301178
2261145
2457618
2892904
4295027
3252954
12031253
3258585
4350583
3303303
19847807
18318076
3402723
1018796
3485712
4076322
1117934
1222622
1260164
6889401
6960570
26436670
4225260
46224178
1377715
1904990
2281054
2070029
1772514
2549294
2528308
5245416
2799400
2720291
3369112
3585802
3673036
3862683
32349403
3494144
36375691
3864839
2250499
2459749
4666975
33030943
35935105
1561497
2000721
2037531
2181226
2685874
3649713
1013627
18434358
34662323
34441858
1364563
42037320
42446982
25409444
43638741
1604816
3707810
4021916
17813575
1371054
3377823
40954310
1151392
4418466
4326009
1403487
4049524
36884539
1466769
2612495
1799690
14727996
1866966
3077640
2894960
4869425
1662723
3059315
1280712
2420276
4422160
3700394
15466125
3373883
42613638
2357784
3078266
1551948
48579337
1106949
1610954
1115704
1368760
1374229
1676608
1931365
2016508
3621625
1106075
6174811
13460785
1547819
1224631
1243369
1781618
1498213
1871732
2240591
2204212
2291011
3235798
3598433
4832725
2197952
25989349
2928212
1035734
1358885
1457105
1621079
1096273
1738823
2184512
1364479
2228048
2574160
2275895
2323142
2596076
2811758
2850746
3006401
17055103
30478789
3166061
3953470
3446003
4803721
8795230
3601319
1974772
3755201
3348031
4244101
33307312
34389406
1210651
1960115
4240568
1098950
1176425
1356365
1436105
1523165
1535363
1745669
1772735
1901252
2012687
2162696
2209820
2232623
2256281
2283728
2488145
2545499
2711642
2756111
2776880
2789549
2851874
3521150
3620168
4086212
4643306
1009352
3082682
1946294
1087304
2366597
3283964
1843784
3096875
3355172
1943399
2896019
3012410
3767051
4064069
4264400
6366272
10887539
1082963
1084844
1223060
1249013
1318397
1328132
1970513
2087462
1233896
1569968
1836482
2340308
9791933
40896845
1406507
1639184
2146061
3230129
4195652
1185845
1457408
2199131
2228159
2545454
4802534
45033971
1898132
33788783
1047062
1111607
1499465
2043872
2420141
1452482
1561922
2257397
4396382
1253447
2897231
1333118
1911848
1948376
2130269
3094193
3526886
3936392
28982015
4811975
39006668
1447655
1318046
2052329
3792965
4092008
15318899
24986642
1159670
1395914
3705893
1328390
45987845
2057441
3882716
1633361
2049644
45190478
46602155
48942989
1938857
50102474
3613793
4272491
1000910
1011608
2370935
3043142
3338918
3579002
19357424
1890815
1350059
2252024
2901407
4134389
1686626
1196282
1218641
1224047
1259732
2185262
2325845
3428999
4679573
34720094
40282472
41576123
41607842
1341329
2049806
1375067
2803409
8069699
2697920
45495917
1087271
1078154
3393623
34070738
49444235
1411202
1546610
2991269
1195181
2130497
2285921
3150779
1755446
2666627
12303617
3565508
1264352
3021161
1345844
2418989
2724875
2735801
3457742
17348618
24547943
1000256
1825046
2030276
2651183
31930658
43476155
1253084
2742215
34372157
1304063
1692353
2445647
3151961
3853250
4788323
1532168
35390108
4219583
2373095
1009952
1150085
1188278
1342052
1503728
14741147
33937853
1868249
2876303
27387317
1757567
1802393
1984874
2139620
2627345
2686160
3249245
4101239
4198901
4450685
14446409
47258312
2070617
2514020
2719712
2788823
3281642
3322208
3322589
3422429
3796463
4479044
4874804
2096225
2225168
3595598
4024553
23313947
31501544
2277305
2324648
3997391
5642459
9623777
31471247
34512308
36104708
36250466
2069270
3831428
1061957
1209588
2187836
4346900
2317905
3520304
2316533
1482578
2159459
2133413
4231890
1375613
1874678
2050604
2063222
2265527
4359399
2442815
1067538
3632861
14407700
2266323
1314401
2680509
1922174
3430668
4244109
3429908
28368681
29044131
1013874
14224928
42300665
1947914
2068650
2175395
2800235
3841565
45644619
48705198
7366391
1038756
1101855
1526349
1696245
2012529
2368026
2463075
2504877
49747889
2044949
2605821
1477820
2885244
47646225
1546413
2223888
2600634
2942448
1955648
1046729
3743883
3810111
1169057
1310663
2405709
2139753
1508523
3461054
1644468
3999041
4117776
34793382
1087023
4415147
1100940
1992999
2506509
25389749
2813988
3185142
31720971
2210747
35769552
17545901
2571932
3020105
1433214
3488336
1000355
1326695
1998086
2158721
2342273
1025910
3157802
1876359
39096255
1022661
1078053
26674049
1476429
1668374
4417518
1309445
4571514
3227717
1265829
1308804
3366767
15841949
1559463
1626702
43385063
49520717
1052015
2085645
2168502
2227083
2072570
2517825
3130101
16278482
2483792
1648685
20948784
1067669
1936652
2264975
2796699
4052622
3407156
3763487
2078268
1569164
3274503
30854001
4327521
1053894
1505490
1550319
6790217
2585729
2513658
3138960
3307587
1396259
2562857
4137893
1951304
39568398
51051539
1044959
4215657
37829070
2709662
1749315
44056586
1498712
1679237
4220436
2097230
3053529
4482356
14965110
2130549
1468604
31293576
2237699
38513259
4690799
52115457
1611989
1627928
1636055
1936214
2214080
2322443
2633240
4575867
2882570
32124651
4039883
1510764
2705210
3426647
3572751
41068449
3675515
41509458
49416972
36838302
48021471
4413140
52293671
1633968
2226584
1144106
1180749
2440362
1566668
3391793
1700031
2381333
2005592
2652546
3684486
21365550
4220531
42479322
2216346
1045970
1084916
3433674
1381443
1416896
27975645
1659834
2358575
2412503
2597045
2666610
2688234
2724476
2775074
1767867
2060226
3610812
3390512
3738326
3771602
3435129
3826127
3847400
2915544
1298904
2261112
4035251
2932851
4335257
4767296
4824734
6624497
11989289
2315568
2708325
2046864
47159319
4361307
1241655
24456374
25481387
2859384
1175750
1624437
1294514
2668581
1310987
1092696
1377371
1422450
1471721
1475615
1611506
2170473
1611596
2104448
2365413
4634322
2255660
2401397
2233854
2413325
2452205
2501702
1502043
2638284
2767223
4079793
4244952
2796428
2914139
17101596
2138082
1437033
3490742
3578507
3688517
3886259
9720111
1068489
4003952
1421667
1940421
2579742
1523793
2279649
2456544
2560998
4510307
4528682
54109935
2835621
9700904
1434396
2809158
2941716
15528377
15601844
2448621
2023053
1178535
2249763
1897257
1183916
1318247
1523405
1598861
1521288
1785735
1909403
1823304
2679363
1266867
1037691
2434437
1225020
1041144
6413240
1279503
1106982
2043381
26545304
2160180
32435411
1029137
1807664
1283337
40759184
1737596
1888743
4220432
1192578
2667959
1457333
3156900
1204862
1291331
1067723
1610432
1001546
1416438
3568611
1137533
4076466
1438892
1580105
1612805
1818290
2040947
2666534
3576948
2852318
2857658
3694787
4573403
1210077
1043714
1253082
1279125
1791329
2173553
4089377
15258299
1006259
1633092
1784871
2012669
2069726
4599147
2271026
14736945
3815003
4219830
1561070
4867272
3109916
2364425
2856749
4222431
8145963
1207937
2169375
1517177
1530755
2765408
2838560
3894018
3093191
39263250
4552256
14027297
1061765
12343716
1190222
49990884
2540748
2196746
32337486
39997542
1535768
1561307
2583332
3060050
1257326
3725700
4293888
34547826
2522204
1689953
1891169
42151923
42608004
3073577
4357127
1524471
17321513
1838871
1404585
1931862
1557065
4209012
1559244
33587697
2756136
3034626
34616499
2227328
4541496
3603327
3822971
10665741
10392650
3673176
47386766
3539487
1110470
3645804
1511382
1657095
1717305
1807065
1991235
3156390
25362896
1402044
1969662
1071041
3164562
3241806
1329119
1489142
2023893
1569362
1749830
1341633
1785302
1878743
2057984
1901457
1201194
2542949
1328097
1568622
3155843
1072791
3334751
3539831
3729245
3766604
1104573
3963029
4420076
1281747
40771910
1344290
4451241
4641360
32438954
42928016
13478277
1264421
1721177
1729685
1435841
3048944
4563521
1160283
1187844
36415082
1985838
2383962
1328513
3484056
6971544
35892870
39136395
4275845
1438703
2247440
1302446
1329735
37806908
1141220
3903768
1180508
4641621
1441046
37965657
46426236
2529570
1864457
1221765
2116838
2235407
1547646
3234155
2544639
3703193
3760913
3317469
3832961
3563382
4424759
11029700
1050794
2287365
1100813
1362878
1752275
1880312
3784974
4239609
3585449
4048604
3563460
42350961
1069760
1330565
1498511
1548533
15245943
49549197
6674075
1799007
1140119
3893241
4588581
1559138
2120168
45577353
2419754
1931376
1984659
1999944
2718251
2938575
4074789
4473663
1451196
4078617
7744689
28363022
2879070
3217530
4340628
4647549
1240848
1850766
4290468
30100889
1511994
1531416
2741417
4220510
2066168
2777664
1151609
2070872
1213728
1688985
1743375
1978467
12356669
33853592
1113321
2146466
1348695
4026197
1364460
1303415
1574658
1952657
2212361
2257101
2444157
2491908
2849834
1974657
2341935
2416601
1506482
2097621
37756611
3539030
43085874
1551633
2767575
1598297
1222121
2743376
2849507
6729542
4335003
1225742
1286663
1451979
1728791
1804646
2178860
37335873
38761965
2548202
2728880
2736770
1382238
1440702
2948318
4029875
4423214
13763514
1200360
1747148
25488183
1473687
2711589
4440354
3654554
1687148
2698586
34805762
1310768
2794911
1950155
18014874
43644302
2760159
4074269
1274918
1882217
2291436
3707004
2707922
3718248
1747109
2259458
1427256
1552907
3059187
3563973
4298913
50522714
4833684
3610139
26922186
28148334
4293155
39007395
46854563
48448532
2455431
2545704
50608649
1133297
1628184
3766874
4200827
16332641
2268603
34469789
37162511
42040529
4331418
3706737
27894834
42348957
34044098
1437432
1847508
1966410
1488194
2751096
3393263
38553405
41152692
2089049
4075187
3707283
1575639
4047875
14347784
4574277
32220359
3333710
1077407
1568601
1933692
2177720
2356155
30003179
1067079
1123671
1481682
3288045
3818241
2241309
3311816
3978423
2358279
1112409
1815266
4593954
2646533
4419132
8758191
49263303
2039577
2544891
1046615
4372173
3629121
2772116
17462334
3462401
3507716
2544032
44484440
1860143
4220624
1137317
2221616
3996368
2546733
2558763
1449701
2025227
26044172
3194997
3432774
4022984
4026995
4265768
4089012
3305522
3537011
4882508
27225761
4844733
7284114
9484638
1855100
2138138
22516848
2275928
2311625
2559164
2970050
3806312
10583789
41414360
2802392
3329045
3362417
1174784
1299608
38308584
2877956
3952193
1187796
1304280
3345473
1304595
3370316
2672684
1509195
1741110
3067880
1856772
2063583
2123472
3308450
2342787
2355933
2110865
2666579
2609727
4309478
48719291
33662183
1781492
2479307
3504681
2458865
3540606
3638964
3749655
1440725
2319905
1427258
47918489
50040605
4343748
3137675
4242246
4373250
2264444
2646542
3926411
3644355
4114323
33844905
43431279
2667692
4007120
2448618
3687786
3853545
1033625
1911788
2055617
2625392
2720117
1340928
2319491
2451428
1470041
1194135
1789331
2330639
1883435
1331450
1386197
2241795
2319173
2245818
2355839
3651981
4629681
1358318
1182992
1333706
1212224
2215346
3954951
2000804
35951592
1954173
1520666
1299068
1842231
1931750
2300564
3578988
1318484
1398806
1456604
1529546
4220580
4234029
2549327
2551484
3139025
29762918
50581985
4619181
2799792
1383491
8401176
2085642
3868874
1885413
4185411
47572838
1249652
43011930
2592878
1756110
3976778
4252368
10032218
29944058
1428662
1632443
1378095
16457733
1643811
2604447
1001243
39398538
2685464
2920379
2514363
1495295
1816070
3125832
47786654
2553924
1545440
2410728
2443640
2441007
1470842
2221604
2318082
44542077
53336808
49704606
2204151
2726115
3707444
2442870
24532022
3568242
33738834
39565976
46089767
46136157
21764031
49140683
51944825
46373205
5149596
4038993
1315961
2344943
1382936
3174834
2719220
3188637
34337174
31681146
2353499
9991109
2565293
2790719
4005047
4897193
2225415
35778669
1851671
4443815
13067690
4511703
3687401
2952557
34478607
6085520
1050254
1586699
2759588
2806514
3998043
4103465
4220549
4316642
1297571
3701952
1456247
1276475
2398898
1135980
1365006
1927778
1634552
1666478
1527510
1528709
1209242
1701501
1736616
1298075
1980747
1088792
2396034
2639685
3014414
2730912
2744916
2849790
2936049
2940609
2992086
3016056
3085035
3558576
17323607
3684993
41287715
43378262
4014057
1079738
2473637
20642537
4274511
48513899
4476753
1373480
1736828
2257316
2537531
4319360
44467124
31199610
49828127
2329967
3737072
1647789
1791492
2113107
2841995
3134489
48976289
1136234
2450130
1252142
1425134
2422724
13601688
16644468
13625648
1523745
1762643
2153072
4314534
29019354
37251011
1076706
1158890
4528008
3236919
2144528
2930034
1035987
2194958
1057617
1282989
1324035
1391322
1452261
1680465
1793319
1532306
1619252
2067182
2181369
2247117
2337191
2592972
3125987
3392072
2667756
4059410
2767443
3011910
1066073
4337504
3922857
3960489
1228328
4112229
4327467
2107913
2569952
4687209
26156472
33692583
4558361
33725373
1176422
36820269
3542357
1084167
3785312
1227072
1313168
1328262
2036945
2135264
1413441
1460403
2196704
1795998
1823262
1827162
1944522
1996293
2074460
2153979
2230005
2350806
1316306
1487948
2238215
2788428
3008745
3242838
1529468
3384282
3447315
3550362
2586701
3127859
3937383
4000119
4079943
4241523
42678515
4366869
4620951
35770925
50231201
5109846
6710463
7209360
2406233
12384123
3980678
14635050
42807284
17086086
2244536
2812619
26837841
31039803
33430974
1978607
2242994
2427587
2517725
1218360
1252758
1515267
13919840
34328387
1683357
1057058
2238978
2705141
3045656
2266461
4488335
2346855
4634981
2435223
2532057
25775972
23658255
14679429
1219196
3581714
3606677
1782222
2796951
4378622
15191088
2845886
1057581
17477882
1219223
1301190
1491756
1560021
1575234
1891113
1478426
2326995
3306987
3470814
3716817
3507590
3611045
4558245
25937328
26269665
1333809
10717688
3657486
2377653
3024000
37416461
4399148
2298291
1386944
2728068
29936405
1668587
37029581
2060696
3923976
3986046
23862972
28168362
2713286
1078193
26409356
1264184
2093502
1886952
2294529
1989482
2599821
3112577
4366976
1854815
7042667
46258757
48165857
3705750
3753606
1543406
4202106
41232767
4385160
48433988
4411659
2357822
11071233
1205996
13249242
4399001
1476014
2026847
4108874
5741396
33328920
1311122
2278127
2290883
2468921
2808158
37241460
38241315
38868870
4059968
4869809
1485758
44374122
3706115
3858380
46148373
41160917
49469334
30078449
1511264
1385481
1436187
1514055
4171184
1838472
2174790
2209296
2230422
2323146
2517456
2629425
2638218
2649822
3136407
2174513
2223563
2649503
3581442
2931023
4264301
4337288
4667768
28838012
4053708
45732143
49345448
50373158
1267802
4660032
1405913
1437914
4822032
1460822
4833738
2385107
23987298
25387344
3259643
34713666
4453001
40505352
42765830
40940055
41977569
42269580
33670211
2507054
2235098
1620804
4156229
1874349
2338652
2130333
2174772
3117408
2047199
3853158
2162096
3952587
2211449
4117974
2669345
2735192
7339620
35684403
3973574
4033803
4653245
1788393
11901332
1641953
2232332
11841443
1092237
1717041
1890030
3130523
2232504
2360955
2530581
2647374
2874111
3060228
3924747
3961125
4239096
4622778
4716195
28896318
33346155
47560269
1496178
34496835
50830287
4910728
4817821
33187156
8390227
44067628
1463800
2051974
2312662
3515404
4236550
44784367
4315870
15373456
19595572
2465989
4065349
16437805
32064259
32505385
32592853
4461160
2275390
31781389
2503363
36847027
1816423
2275105
2407069
3067633
1073572
1320826
4481917
1806220
1850020
2010238
14695255
16447183
26416411
36827419
4075330
1058539
1778875
2489071
2786935
34110112
37463782
43078096
4220482
1585147
2656360
21301885
1104433
4549540
1426489
40467028
1690387
2751481
2914705
2992945
3114397
4007413
4306219
3799867
4263499
4650037
49834648
1010956
2198365
2599951
3284557
1738912
3798631
1943152
1141699
2554642
1781701
2200021
2201155
2250625
2267473
2510227
6718873
15766465
8460700
2255032
37553197
2766304
1861621
3565813
1172911
1429543
1636915
1699801
1931455
2111215
1574416
1791748
1855552
2197048
2880319
2201830
2941087
3400831
2903764
3048592
4120879
4336279
3840616
4241746
10266844
13200808
1424824
1261255
1276951
1669108
1460761
1510351
1759150
1729177
2375977
2621263
2804437
2874847
3183154
2955151
3151315
3814651
3591634
3908527
4012438
4230919
4265059
4408477
4472902
1434127
2392183
2851999
3965527
2484274
4335580
1229422
1199071
1610626
1726588
2239621
1817854
1886032
1966804
2206654
2248510
1298455
2417560
2668378
2805226
3134752
1615309
1718149
2040835
1510957
6690922
3068401
3955819
4036345
2585896
16705573
2220892
48881995
1078465
1335193
1348006
1553101
2209981
1293724
2940151
1322704
18517564
44492458
45102616
16222699
15398824
1463845
1238674
1111684
1177984
1194562
3581104
3839938
3858430
4314532
4400182
1025110
1126627
2259085
2355790
3570085
2200405
4262524
1428133
2743549
4358395
2083240
2415217
2497657
1547938
1623199
4184275
1955944
2171506
2693179
1617820
4024471
28656859
1657849
2223247
2259499
1015645
1236283
2408611
1666720
1953763
2832409
40382707
1920409
3225541
3582649
10854475
1082782
2856256
42459145
1714948
34667905
4280956
4635343
39107005
2157784
1969387
2252350
1862461
3638428
1547539
4142458
4545349
45480130
1549057
35921620
4741627
1434685
45999991
2568418
3050353
3940045
1335619
2084113
15850939
29772163
1334032
3983170
7785724
1350205
45694963
3280462
4201045
2016571
41919988
4220587
49372540
31904599
2725621
3083923
4425088
11163994
1881217
3517186
1159165
1451161
1416370
1729630
3928117
2551630
2975896
1840249
2400739
3730003
4240357
4294843
4497499
30514030
48775432
34577521
1235581
1549543
1829293
2656903
2731099
3054811
3149875
4230289
33074254
4394515
13446337
27395371
29338276
2334493
4416754
45885310
4029283
4414375
33221467
2634196
2677108
3143710
4334566
5911468
3068980
3136705
2436088
13076950
46126036
48856444
1778104
4592176
1563580
2621719
1012873
1404439
4766611
47445112
3636697
4448617
2076490
1207519
1312855
3326134
3513025
1225717
1253032
1798402
2007676
2088664
2252473
2378728
3036007
2595958
3305257
4240075
3171448
4220446
4360147
50261215
1384138
1700215
9701419
1845298
2145409
2428399
2466856
29697991
2733604
2817748
49186147
1475725
3397108
3644464
3661768
26798863
4010782
1303885
1835827
2205985
3136255
35399686
44816704
1148710
3703912
1245451
2331010
34889785
2163133
2450899
1159069
3991510
3931303
1367311
4208482
2344231
44998159
47138659
1405411
2100073
2229157
3045841
2161552
1667815
1436359
1543117
5225461
1221931
1861897
2246497
2617087
4468615
1486981
2131729
2138509
2505733
2508973
3246307
4006414
4905811
1012750
2703736
1092427
1269355
3577372
2238745
4093066
2270719
2665417
3057469
3084181
39711334
4015441
49473484
2843680
4529233
5783923
1446196
3332416
15314845
15415693
2451529
4025032
2322904
42242596
1133578
2512741
1428760
1114849
1664137
1819915
3066094
2226412
30191215
1059403
1074373
2038693
1044916
4097674
27803059
1511602
1553521
2114848
1189135
1498009
2890114
1518025
1747603
2618608
2206771
2226091
3641500
39762244
1522813
2419297
3720235
4470271
1703284
2995528
4321138
1438525
2128717
1768258
3226267
26900251
2629564
44246761
1161463
1289335
1999321
2041027
2748697
3528589
34711051
1086865
1373407
1093870
1203766
34553782
2182102
1379488
2600875
1426030
2302516
1167247
1656427
2385667
1416340
2774497
25623574
2096350
1760083
3901951
4066318
1027993
1479613
13909636
1674112
2207242
4234057
2255167
2637694
2354941
2914405
3185518
33784993
1202671
2216809
3028399
2225347
2607889
4583452
4229389
4245145
1936975
11874382
2099431
1740127
22888180
3586855
1838620
1859194
2160814
1510675
2367028
2495254
1293781
1510999
1620565
2414839
3327235
3037798
3070696
3280402
1176679
2270839
9673051
3918208
3983086
1097419
1112473
4063378
4136356
1669285
1735597
2821987
24114496
2162080
4110136
2873209
1880974
2168938
3479128
3270139
10611154
1841386
2588728
4625185
40100602
45550090
1262275
29154904
1536856
4052827
4495609
1521682
18016183
30611335
2624131
4097263
2456854
19964773
15386680
43161433
1386787
2160970
4603063
15879535
4220572
2019742
3646861
2674588
1001026
1626598
3655495
2159434
1869490
3111934
2845393
11381293
1538827
1980529
2753566
1870447
3887212
3916882
4548082
1398433
1431523
51396286
2610619
1042621
1100083
30123013
4534318
2796655
4240483
2580298
3330934
3522832
2975245
4195963
47486506
1028158
2670595
3598285
1171402
1435516
1738984
1817248
2036530
3271174
4271776
2460607
2670769
2299699
1922302
13679383
1751824
2215660
2700112
12929074
37830742
1519159
42338962
2232847
1073842
2469829
1169794
3596467
1934074
1971790
2114551
1869874
1410004
1506586
2272510
45036451
2501398
2583832
4703191
37031005
3417802
1981948
2576092
4227790
1926919
2362009
22792672
42401380
1715380
1609735
1910278
1228039
2396977
2200891
2217853
2532979
1580740
2186479
2131030
2485702
1958107
2886202
3854281
2052955
2275597
26140000
44726377
1020877
11509066
1554859
1098106
39352684
38243269
1933081
1110007
1275571
1159822
2404165
2449291
1917826
2349580
4226173
1499569
4050283
41793847
1073638
1605190
1756813
2594122
3693388
1060954
1248172
1814938
2242558
2295088
2538688
2035021
3584002
2867839
13342780
16612450
3076519
1158064
2265907
4135438
1189189
1865716
7918939
1179655
4430074
2986987
4438762
4530037
26664325
1529746
1230343
2189080
1753663
2362153
2723152
1427035
1535761
2646751
39431680
1234663
2627137
1578271
2465641
1622809
1570075
1655269
1037869
48326122
1333516
1392559
1245787
42559900
44150824
1749211
1168651
49576453
2615638
2734450
1304275
1898284
1287343
6863347
1273054
3573487
3131677
3642091
51005743
2411182
2129971
1770244
2322769
47629936
3372463
1601923
2737351
3304141
4614994
1059724
3887923
4005181
4285111
1253041
1911274
2629657
1650580
1364899
15164272
33505846
4087165
1336039
48552166
2384356
14079616
1491577
1699663
2584699
2659789
1078360
1961989
2175091
2183281
3034975
3406666
2732155
1455841
51510085
1469932
3309577
2984383
4203889
1324291
3104644
2164783
3374860
2269783
2938387
3687793
3918550
25501792
1811245
25370062
17573086
45549841
1968685
3747463
1303945
1207180
2727967
33023479
1224124
1386838
1227238
1109977
1496224
3328087
2266852
1090894
1350049
1471207
4243774
1248553
1010548
29469421
14133682
3940798
2196865
4738597
1132366
19241095
34827391
1198780
47768977
1314832
1224937
3400021
34809997
4240120
2826346
7646680
1065901
5952700
1408699
1628353
1853581
22041010
2660959
2985037
16447012
26937700
4137181
37346554
45723646
46351444
48123670
1333087
1427152
34187254
3087142
1902637
1594672
3686644
2735839
10642613
35234705
1019776
3737509
1247164
1382830
2321146
36402097
3092770
1275217
1128868
1609243
2256346
1666501
1991482
2122510
25809223
49019435
1029220
2352985
3688249
3632122
11578705
41160965
16673710
2152684
3553528
34942852
1401737
4851010
47095750
2165800
3321376
1276612
2267008
35722499
2892868
30681706
3419713
1778572
4020385
1785616
2493604
3424966
3461770
6337115
4520128
1475836
1517296
3514858
2905957
1892293
2568481
1057805
1398599
32801020
35470474
2736151
2736805
3258598
2032978
1074454
3519359
3890647
31813553
2233519
4662955
1755868
2453350
53963851
35407859
2280484
45816091
2852368
17828275
3688441
2652421
1090867
4355819
1372991
1147637
2069830
2207609
2813237
1428646
1704766
2310946
4447303
6238931
3228676
1356838
36445651
30876418
25450663
3343288
3382691
36322840
37384207
31089757
2397391
1018529
1148995
1510075
1543367
2182109
1944304
2290993
2909230
2472905
34315606
3064300
46763884
3280729
4481764
3519617
1554388
3012508
2771827
2887597
3317219
49887016
3611783
3683341
2786062
4316950
35314378
1474913
1163542
1501427
1592596
2522143
3150934
32710073
4324156
1315643
2816926
4165918
17073089
13250176
30478414
47931598
49227634
33301133
1190062
1384972
17996833
1262311
1431721
1445491
1484761
1508681
1666963
1699787
1805329
4155508
2207513
25759450
2664905
3144919
3200429
3425447
3480223
1362958
3809759
4512991
2522998
33387053
2848876
1253867
1352725
1440415
1500763
15425374
1562855
1628249
1748167
2015507
2166547
2190409
2236387
2299423
2345741
2358949
1351132
2449289
2515367
2463536
2686193
2715023
2770117
4236790
40744802
3144359
3863680
3511661
3629521
3641105
1262954
1450292
1472318
1556644
4135007
4283117
4691719
4722979
4776797
4889039
1934500
15429745
16676821
27296261
28887383
2594476
2792678
29879717
37333691
39815177
1370341
46834534
1610575
2060959
2352967
2543821
3157891
2184586
2927014
4523416
4191395
5781727
46597034
1835633
4611223
1995212
4301005
13434263
3326762
3906710
4323217
4733875
6019991
31842821
4233838
37595203
1377874
2613154
1357595
1720103
2352949
2669443
2697947
2738395
3455687
3496159
54471032
3609823
4292383
6852685
13820393
2765158
15712381
2201858
16130815
1344508
1902058
2381308
2964524
1298114
1136051
42464432
2027333
2141971
1209119
1556585
2917465
50613370
3522841
1963528
4419347
1887182
39959959
2481349
2100553
1283044
1333214
3803519
3874661
4554814
4146007
4274713
4362061
4397357
2001170
4843061
6451069
25845875
48390110
28275637
36795071
1358414
41705569
2903228
41713025
41819353
43427173
44754661
47303861
1241098
28928930
3429928
1954348
3924056
26501350
53143135
8287762
2350736
1384042
20003432
43260595
34159211
1637840
3734075
2194414
2423248
2575352
2637706
41519897
4530433
3878177
37913857
1776343
3406184
1949057
2305399
3802637
3949595
1181680
1252616
4282567
1774328
4740349
2123098
2124952
17325857
30742661
3507628
36521123
33328348
39506531
1360000
43826438
4277656
42510419
2759708
1554928
43376483
1760758
1088930
1193732
1430089
1212676
1906927
2470061
2913181
1726804
3187577
1841654
1872826
3646367
2190988
4224433
4267103
2520208
22676839
34268323
3042776
36920719
28725602
14958436
3752276
4188310
4377992
1898701
4511602
3934238
1227155
1331449
1516955
1124696
1219780
1233584
2319437
1263334
2408167
1403770
1404728
2671159
1432850
3171773
3208603
3513331
1903010
1926308
1949648
2154892
25032719
36664642
36977168
41506640
2890928
2986898
4726754
4393603
10643825
7597544
16666753
29782141
40059655
4145696
4571684
4706020
2945606
32096107
3632414
3644702
3766172
3815722
6326768
1813665
3547813
25479766
29335468
32711032
9890650
16219660
1696335
1394372
23984414
2058988
3778468
1494167
1743073
3645637
6079125
6894845
30185169
42621035
1927577
41925658
3420877
1071271
2387930
3168509
32003660
4650041
1450958
1495298
1801885
2412140
2596445
2911228
2672189
3342004
3732999
3919844
4042826
4210070
4795030
48126745
2230911
4592035
3480279
22895387
1982660
2856476
3249910
1268186
1325254
1441648
1553320
2963405
1925930
3543207
4087576
4259077
4851439
2090584
2469430
1213959
3280448
5611521
3319666
1083887
1516223
2567699
3453669
19325603
2227772
45217791
2490622
1239273
1431009
4125580
4291192
2175245
2278117
30518654
1879503
4626571
1266517
2933789
3637237
4514803
4604883
9169463
47857118
1124265
48451270
2142653
51007762
1120373
1474283
2636473
3433227
3800259
35010473
46495663
1715733
50184482
1465342
1055073
1820134
1143951
1243243
1392389
2003776
1398497
2099362
2189989
2540078
2644256
3326129
2899520
3515593
4139795
4281193
41899765
49451517
3556844
1351977
1427159
4016204
2345607
5577100
8832838
9619460
13567316
25938500
40346835
28730444
33324772
1995061
2594555
41805875
36913132
38177374
42085856
3072927
2743645
4353893
46038940
3579577
2388209
46402502
1464025
1610390
2414602
2534264
3059914
3116830
3304180
1322359
3504800
4157812
1169949
1278367
27664528
1833677
34083820
2308021
2351241
2432921
2788119
3433545
37204996
24160845
1614608
16041941
2266348
2620940
2709964
2768066
3859791
4550451
3450820
3468952
30530149
4006454
4275854
4313578
14768656
1577635
3785645
52386908
49652410
1513073
1883979
45821612
3392421
3666573
2274526
2811426
2886192
47307434
12294792
3357576
5381692
1001883
51082036
17397869
47308853
2043533
3417098
4638998
46213171
30356591
2443479
4386760
39298947
1141686
1744153
2617543
3044737
3807041
4378593
1517169
2135265
3571495
4513143
4550819
2803756
41047795
4362106
50344553
33762856
5988113
1336924
3379392
37904868
4504502
44905775
2930668
49808174
1400556
3156810
36340421
1520484
42964285
18580567
2860218
42985325
1990117
15358621
21749810
1580224
4226633
1541958
14503058
48582980
1373295
2346927
3071193
1958934
3952413
36537555
44105353
49789073
2249141
1299820
1703649
1349818
24640777
1521400
1960164
2078214
2214128
2369228
2645758
2057177
3109844
4220442
4220595
13819593
4229432
1399181
33001174
44125538
1555575
1563163
2476759
1186212
1755390
2899293
2458096
3500094
38946908
39506818
1209121
4220553
1399248
1668100
1843636
2006646
3139259
2183799
4244110
10610491
2916491
3743330
2771690
25803371
4479437
2483337
3820645
3542122
2310672
1488020
3526245
36656825
2460935
2712962
3461586
2612182
2855348
1407040
4341286
1186123
1487917
1493981
1689843
1421944
1730007
1804943
1867589
2204943
2251319
2494729
2778721
2718458
2197848
2891755
2945505
1437678
1539066
3011711
2086320
3087385
3242055
2201546
2252120
3420665
3282786
3563909
4401148
23112532
34070578
3819833
43008942
4635010
3986145
4199015
4249725
2077678
6947261
11965473
13995043
16506869
26393737
26713841
28922649
30626227
34135433
37021285
39154467
40616917
41247119
41356855
1028835
4492402
1172003
1241217
1299399
1915302
1374341
1453217
1339722
1625551
3445452
1665495
9988930
1725247
1730637
1743163
1800003
1880279
1958919
1290372
2020525
3617772
2049569
8429354
2078109
2160593
41591530
2165445
2204483
2217551
2257559
2284549
2464701
2873688
3981032
2592005
4877396
2600271
2619723
2623361
2641849
2690585
2694807
2728555
33321766
2937649
42974904
3142447
2115320
3255425
3256887
10505172
15986150
3445639
3534595
32443870
3540771
46183338
4491881
4245657
4325729
26677940
17968161
3821463
4111721
1787618
3803303
2163031
1506049
2900170
1036571
1135843
1209801
47124610
1325703
1375391
42306580
1462211
50093580
1719232
2268295
1817323
1247883
51314820
1292973
1608059
1438386
2154239
2271867
4014611
2093112
2357328
1150135
2669580
2889836
3831578
4061516
2279453
4536490
40333933
1091823
2809911
1413602
25502315
18774720
32418881
1555148
53989329
2193769
2756079
2531883
1024218
1172568
28390407
1472476
1782888
38631963
1759539
49219471
2116984
49626985
1143174
1036695
1146448
1207630
1251698
1411250
1434292
1442722
1690473
1535976
1538686
1558696
2308497
1719530
1733912
1880666
1905850
3264937
1945064
2121740
2169334
2190698
2199734
2201046
2295156
2580688
2603476
31673021
2853558
2891206
2914078
2957054
3130040
38656299
3907274
3946584
48690623
4351520
4482460
48334155
4533384
4611718
4660510
4695266
4706644
5576004
10458948
13053542
43935671
14360788
16354464
44925861
45579541
28641502
46910479
28943808
47156945
37863594
39455960
1255593
40844728
1985689
2241385
2544173
2616991
1106004
1167264
4768409
4800047
9235387
1261388
1310792
1338232
1364620
42345571
42594821
43606427
1507506
1521870
1560888
1604344
1604450
1309607
1665606
1695282
1717298
4220571
1873022
26315831
1877586
3516287
1901484
3913033
1924792
1931798
2045704
2155434
2161994
2236476
2238754
4033427
2256486
2277676
2301522
2306994
3898805
4152607
2441612
2530434
2573316
2583688
2672994
48590797
3327587
2885926
2892384
34356313
2988124
3119840
3979953
1799837
3192624
1635741
3255416
12233303
3316432
2532011
3448248
4455417
3506330
1799129
4036300
1802471
4120460
31633600
4674440
1243547
34424486
32719618
4730669
41872299
2247267
4611904
2441063
4371324
4233966
1920876
1461492
1630724
1270966
1388992
49015025
1476345
1325238
1367056
3476285
1712112
3840167
4081881
4257503
11677835
12246703
19387871
11118655
1700446
1153495
1372233
1031344
1418771
1803869
1168976
2440733
1248506
1317924
2925329
1548790
1849246
2223436
3112778
45802444
1223352
23788599
1468046
38255638
2202703
1621558
4330195
2328138
2525452
3754989
2060299
3839364
2697793
2741359
26137154
3003065
4502831
34482095
1044339
53600386
2013043
2877548
1732402
3918386
38827305
1037749
36821698
44330764
47153972
3718963
4136733
1273064
1932917
1149183
1843930
39272704
3703635
3953881
4359951
1899769
2311759
2467325
2593045
2610699
1527896
2813883
1888140
3584535
4010705
4240487
43244500
4092571
44243578
1683031
2909473
3803399
6415706
3884049
3988711
4052041
4359977
3064344
42936321
43327747
3414980
3507260
49414863
4077386
4085518
1200381
4512946
1438163
2472913
2495003
2499193
2707337
2739199
3242911
3792727
3955083
4184315
43749740
42355348
1692581
1916673
1925707
2699907
2951005
3868085
3873325
4029635
4295521
4328159
1539849
1601045
4601110
4691214
2359181
2829073
4588005
33197340
38617304
44428458
2880606
1146808
2097576
3111982
46725516
1475024
1706738
1169947
3638978
1409541
1761625
4340354
2458481
2684227
3195483
1150160
2063623
2739798
4669950
2574707
28517102
2688303
28070586
3527237
3932141
4463835
1478166
1778449
2529345
34558558
2896680
3547782
1349670
4233609
4234183
3122822
2997305
9813357
2497348
36717165
23323798
2443566
2589096
2627268
2957688
1658767
2736315
2091461
2208387
1464322
2446045
1543066
4068045
4103455
4742475
2186474
43031733
2863792
2475997
8028927
25967907
3420130
4237476
4328506
4464938
1614821
4504558
2054391
15325908
1333721
28214023
49456761
2508649
27489450
33073750
1206762
1210602
2982307
1145871
1562942
1646873
2047677
2368529
4206881
2538262
36882465
3418458
3441280
46430999
4104270
4124890
4664202
21479834
1065579
1079019
1396143
2069395
4011694
2273761
3371431
3412499
3454283
3782671
28737458
1412732
1071460
3146110
1367596
36163979
2380508
2254560
2347670
2767834
1297394
1930074
2253374
2321380
1482153
1497629
1541121
1875837
1897415
2047577
2457717
2474071
2480313
3941720
3859010
3305567
1952916
1220519
1242327
3795004
4018096
2926163
3282541
4131489
5368017
1137330
46801883
49627367
1433046
1440019
1608086
1613434
1615882
1918962
1800139
1803507
2077576
2345456
2389968
2463919
2744734
2611753
2788296
2888874
3096818
3193850
3255558
3551242
3829005
3975540
4570857
4296426
8591699
9074821
14421433
3139964
3517362
33920865
4644724
34780739
47936110
35732153
37541187
38195055
38425809
39234577
5391950
1468316
1277708
1831714
4566492
52104359
2464526
4265518
4047018
47737137
43537019
43592167
1677761
4240708
4822610
2151775
2219898
2404403
21091352
2452473
2746709
42776614
47588082
1481636
2222704
3571525
3718031
3616652
3691964
2355754
2689950
33519249
11843005
4331278
4413788
53141043
19863156
6015803
52384478
13628353
28403963
2469296
4244038
36877325
40942949
42249461
44150237
1908068
47447999
3862934
3039118
51462840
50494513
2629869
3512897
48714535
37129620
49644483
1971570
2537845
3575409
3314080
4220495
32605461
1133546
9478394
52873686
1017968
1644460
2726423
3244915
3432779
4149374
3374958
2298283
4009954
38341136
40839778
4181345
1028765
1752199
2142851
4027778
2246191
2346717
3565478
3287869
3568133
3610379
3671789
4309891
1460229
1486607
1429012
1594320
1928524
2281736
2644303
3575013
32455848
1046731
33409222
1164997
38880066
1221103
40859208
2205733
2246537
2274697
47774028
1048416
1461331
1814091
3305823
38924858
24527508
4476861
1926254
2302168
1423937
1616141
3083025
3736705
5360170
22663365
14868538
1018053
2026737
2246063
2282279
2492099
2615885
2670451
2780883
3007317
3052287
3150207
3545217
4008711
4424337
4471733
39373256
24595831
25856155
32160801
1170638
32789099
35697853
39716465
41841555
43562261
3102450
2690166
2169835
1407938
2634282
3082802
3162166
2140441
2428111
3286541
32257649
1536770
1063335
1182967
1231919
1323051
2754094
2860455
3534658
15910047
37724715
45438603
1539301
1086232
1149644
1566814
1630916
1665588
1835044
2171778
3635889
4114281
2544878
2599554
33768735
3073556
1042959
3263566
1083319
1090775
3573720
3599414
1247359
1281593
4095384
1531989
1637515
4331234
4521674
1990417
4703910
4825814
2185299
2301897
2448799
2847707
23837630
2901875
2949843
2980697
27794638
3183955
3186129
3280433
33738130
35557760
3627879
40482680
4501371
11609329
42270984
42945528
1109993
1186981
43870718
1290179
1543747
2060209
2823205
47691412
4235565
49609176
50613626
50688732
1011023
1029437
4416277
51809260
3196403
53073538
2357741
2505571
1710438
1939606
3207844
3508262
3530390
1323239
1299273
1948101
4220581
4373109
14320661
41438171
15483409
1134585
1851781
2547155
2676327
2782503
4316995
46185548
2233221
3707139
49688822
30613939
40469626
1962261
4240509
2306783
48124790
2247095
1747837
2160319
2431233
36662199
1353910
2223731
2959006
2811813
4703775
35750410
45431562
47294638
1654139
3708533
1141345
1211652
1383352
1437179
2643074
1841925
1941209
1989061
2111567
2352371
2362739
3493781
3612181
4074131
4605671
4683909
6675071
1960970
2130462
17221677
28491403
45649055
49530933
1298331
1389689
2115716
2464902
1478243
3569746
1610061
1694201
1746623
4393200
1889557
25867290
2014961
2547001
2566711
1395306
3226119
3346245
2000474
2079424
2669166
4294437
3159688
4431836
11567688
1171815
3649019
1346652
3733577
12826985
1711238
2283993
1935092
2037710
1078499
2560659
2361011
3477377
2469016
2062321
2605003
2883941
2801460
3443140
3451590
1587183
3338627
3807284
1316531
1849023
39758290
3491699
1008708
4564721
2465577
1914588
1769193
2035787
2149569
3560997
1170820
1433072
41493157
1479696
1413428
1754024
1874292
2089240
4081143
2281606
1609043
3318034
3727240
45808054
1113776
1870376
47915525
1862011
2273155
3099871
3196729
3737103
2137598
14406439
22240149
2941940
37190705
2848868
1029560
2220482
1090923
2719632
2794910
1198025
1237559
3277660
3333874
1302065
1475731
4322220
12912376
1544875
1867349
34451392
37131482
46969246
2399305
2628261
2763401
3025759
3860637
3975645
4031095
4376803
3791234
4424199
4053698
4697594
16953669
6674100
21347625
32666237
34387789
35413879
45287366
36668561
40863629
2763918
2942680
3004486
42329351
3152582
3441932
43267439
1430940
2124544
47513853
2430130
2728204
4516654
1568113
1699203
49314440
37589725
3379141
2427959
4472713
2981971
3000843
2587183
2996723
3285546
3299914
4126037
23962748
27652494
39087244
1682315
1014180
4196733
1089450
24228991
35264601
37448387
39580435
1320956
1352488
1474942
1705716
3948425
1744414
1754608
1901709
2292794
2421016
1297841
1716371
3044582
3050390
3086588
3445964
2122679
3471458
3499278
2350155
3826004
2778701
4274576
4278350
4370576
4478646
3636909
4504991
26032108
37460316
39961114
1481881
1952969
2082674
2678143
3259291
2803002
14128667
1228337
1244785
2099905
4252547
1390832
2114021
4266338
43901867
19495284
36672686
1051976
41093461
1705646
3434225
3928877
7768021
8693527
14112291
36749409
41014891
45408261
1109217
1411713
1435225
1459783
1581585
1622779
1754181
1768177
1925649
1969895
4505847
4469131
4094649
1396842
1507118
2240920
2290671
17436503
1287818
6537133
3449575
2388852
2428967
43502622
2347481
2373077
3365752
2381385
1672944
1844856
2680273
2821208
3421263
3488613
3510283
3685999
3762143
4229462
4089517
4153071
4252607
4511323
2887386
23328327
1649681
1659570
2528466
2867750
2417297
2513075
6072108
38665347
1241570
1505774
1836802
33120563
3502395
2748553
1725462
1631851
3006728
3163268
2825155
11726147
3438389
8831433
25520292
1037236
1477899
2444692
2651402
2045329
2317557
33867791
42262739
49638923
1537225
2282682
1731135
2411894
1800881
1951509
3727012
4391986
2415069
3434243
1737988
4204517
4683567
3987482
1031448
1171186
35773925
1234312
43450191
43955833
1452112
1465906
1488210
1585222
1682966
1742436
49548607
2024068
2271862
2361676
3941871
2578482
6173013
21468967
45348537
3051384
3456168
18128263
3728010
2254441
4265068
4270578
1095993
1099331
2961349
8998830
1085959
26703366
29338394
1158801
1180925
1232575
35051234
1254911
1291853
1298735
37778398
41584330
45263504
1404869
1002866
1455663
1083080
1469095
1102790
1538491
1552813
1554381
1585483
1619949
2139812
2465590
2653004
2710738
2813820
1826467
2818018
1826565
2911270
1832653
1891429
3114482
3279864
1918221
1921933
3426810
3434414
3921478
1995091
1998453
2002257
4675234
2080113
4765874
2160711
38138912
39218186
2196575
40661624
2216827
2332659
1834410
2088378
2406907
2506411
2680343
2695697
2735017
7836872
2776981
2843787
1132537
1358800
1431663
1522063
1684597
1791925
2810818
2190743
2203887
2477423
1089997
1213831
3717214
18082716
1581841
2143971
2229047
2395849
2486273
1515140
1730460
2785041
2822255
2384744
2475092
4582239
40211032
43738444
4116967
4130877
2046786
12929827
1481276
37725379
46326273
1070258
48537945
1401852
1539016
51661201
1847096
1027205
1070969
1143865
1313347
2540606
1385121
1402997
1425727
1493945
4238424
1533237
1567253
1626219
1759415
1760591
1805027
1945419
1987243
2095729
2145635
2227033
2231843
2243527
2365277
2400989
2448977
1432062
2473531
1537802
2477231
1614454
1654044
2484737
2501901
1677376
1738020
1978922
2643839
2731927
2811049
2826577
3371644
2885883
2902197
3851208
2977589
2994821
3118855
4376614
3217831
10431040
24602344
3616485
36787990
38158294
3718469
3775603
4046965
41432058
41913346
4376299
4382903
4655863
4674299
13244446
4495104
15169167
15388843
16219297
21330849
50322783
31295623
46133447
32842549
47624569
48746891
47198335
43974427
47834073
34183211
4363818
21118226
32057065
37666713
3480330
42464703
44523415
43991746
46358247
1240378
47100683
2359318
47481605
47799649
1032601
1080940
2738575
2440603
3709889
1241306
4015785
1344288
1398152
1543770
1680715
2511135
2266138
4328619
2294200
2718877
4908679
34537728
1395382
1208297
1225011
1243241
2617838
1424653
1629577
2087643
48776252
2200823
2206729
2324289
1836674
2731445
4890280
2915633
1422530
3113781
1428990
2390714
3273270
38945494
2420134
4021983
2824734
4224103
3395358
3639826
10569873
19728636
27407558
11030481
1105902
1203600
18964145
1425672
1500878
26205169
27233417
1629096
30112935
1634022
31766885
1788068
1841240
2139930
40228855
2313248
41345983
42524845
2721574
2772666
1364473
2793190
1934389
2209475
2873818
2966798
3055182
3057606
3677531
13144091
3146202
3162582
42694511
3480572
1205407
1305709
1613083
1733533
3773448
3808032
1991337
4254486
2658425
4409912
4881392
3234503
3401939
13314340
15734034
4304227
25504130
26940176
1706836
1714864
36358811
38951717
2071702
2215668
2286368
48829420
2367757
1114370
2187240
31110684
1860680
2172484
1465463
2320931
3032539
3637901
2576400
3639407
3646459
3426614
28233575
29082631
1476262
1530640
2167744
3131272
3258000
3528795
4380579
4571126
42041268
45545422
47366742
49180457
1719034
1886114
2003488
1430391
2715438
2770924
2550153
1316317
4914668
1973989
26618550
29923926
2573537
49110376
44036818
48373030
2210200
3593310
3920067
1762832
4219183
3866500
4254487
3920034
4193614
15777651
18336385
42024029
1430010
2257783
1508270
1518422
3216335
9514433
1679640
4587101
1834720
21236963
1819764
3042826
34687757
1449703
3715767
3809577
2009364
2285778
2578174
36822347
42753507
2770438
1815838
2029960
1979717
2405951
2152072
2452499
2176598
2194940
2273246
2740447
2304314
2307650
2324686
3878801
2356338
2386168
2427936
2592026
2690964
1077928
1843506
2212406
2632460
1238636
48010657
48817485
49245337
1179380
2120746
2133024
1169539
1437477
1358514
1579558
1410592
1731058
1923916
2116164
1122942
3240169
3598021
1425560
1490682
1553044
1693518
4361313
14837057
1988906
2035584
1031241
2299762
2574890
2601120
1123445
2897800
1165933
1256505
1276631
1469451
3976538
4714640
1305947
2251153
23365472
2271027
40304020
3984041
46671404
5095797
49929844
50616360
48338810
2822846
1178796
1238684
4281057
1317076
1855325
1362434
1142285
1182193
1511580
1234405
1533894
1331609
1374265
1421401
1777512
1451297
1835258
1482415
1538631
1651955
1659805
1942098
1974886
2096220
2193305
2119760
2198919
2167474
2170266
2193404
2208754
2464807
2469121
2316870
2515887
2462754
2705995
2469118
2776647
2586034
2593066
2622642
2833203
2894547
2702890
2979095
3227615
2800768
2806180
2864886
3402423
2890950
3661457
3672443
2935340
3711961
3819453
3171222
3261760
3291860
4552309
4826037
3475376
3506860
3537866
14069191
3542202
22641543
3661928
3736852
3782614
48768641
3882130
2183471
3337739
9457013
4062476
4099640
4457410
4477804
4503118
1204303
4513996
1248669
4679918
4695978
4708600
1388593
1405825
1427513
4802806
1437377
10708250
1475183
1567037
14846826
1588379
23634978
2092465
2205607
2245827
28820342
29741736
2387963
2763325
34246082
34461178
3115619
35235094
35545462
4360061
37377146
27046247
39204292
40664078
40982328
31857335
42196996
43079840
44637570
2257749
3007913
3059075
1250304
1305960
1339458
4012961
4045909
1732519
1746465
1896846
2120985
2010432
2396657
2397897
2110204
2689955
2960813
2247880
3112093
2294342
3158411
3719261
2493222
2563294
4122027
2620984
2665804
4544635
2854078
2900940
2915470
18532857
32477285
34961641
3281080
3463926
44444703
3478078
45683647
3600162
3686498
46706767
4063230
40286704
52534431
17924563
42121264
2234517
2734291
32165414
34466750
3949119
4278537
13444700
35522973
47952783
39949448
35461352
1783631
46791962
7269582
1989273
11429096
2102737
2138829
46318702
25947828
2494601
4611788
4641376
2887703
2981469
3160801
3414503
31894706
41402106
34845799
2229702
2414136
2861318
3338774
2012335
4448320
2162133
2275051
13213058
35590888
3360551
1078532
1110386
1426762
2159527
2775255
2237174
2350952
2429154
2438780
2094567
2267449
3469208
4131568
37134103
4704558
4889324
23886464
31634046
32459866
2185953
3529647
46573294
3701009
50109920
4522061
1409328
2683516
31053795
1956371
2005725
2115087
2366457
2585891
2718897
2750721
3117397
3145255
3232869
2284936
3362471
3374297
3672407
2076592
21516152
4230283
17143130
4338414
2788264
4395707
2331366
1037155
21978160
1038109
38283520
2459078
1198481
1202183
1321354
1205461
1218549
1688040
1995282
1269007
1286989
1295513
1309007
1324297
2060774
2067032
1341191
1425225
1436555
2415912
2439650
2462194
1506705
2748212
3002276
1753833
3336338
1798585
3501614
3509216
3543454
1842747
1883127
1916057
1966391
4207584
8121422
2071117
12833516
2099353
2151771
2171371
2176311
2176855
2181965
2240493
2256543
2362239
2434777
2545517
2592257
2660775
2186268
2691085
3091402
3287478
4094036
5239878
2722317
2723501
2727591
2768587
2871097
3084893
1483614
3576665
45670194
1168260
3973681
1531318
3440692
1117867
1123477
1134373
1145415
1159275
1174579
1203125
1215011
1217059
1218289
1280883
1322743
1358021
1365997
1386369
40209986
1442465
49904018
1479403
1498681
1530465
1767484
1573539
1581873
1583361
2073888
1591593
2412336
2478142
2622100
3014960
1764859
1039636
1900621
1073484
1917629
1948433
1954685
2005309
2054303
2074469
2130915
1422754
2166899
2193235
1952744
1973014
2490266
2561510
2304879
2306755
1059464
1202920
1600956
2328071
1788272
2342457
2075712
2414079
2452625
2320100
2518524
2469099
2477209
2519105
2519551
4036034
4155888
3287181
9859644
3175669
2597929
2720853
2835449
2924091
2934299
2982653
3290269
3428981
3681753
4350242
1138876
1153552
1276729
1528301
1890291
1284372
1313826
1337168
2214917
2456591
1473890
1477562
1516530
1641212
2721893
2772825
2892035
1908934
1974522
2050470
2053448
3314847
2117508
2161162
3697957
2204902
2217548
2219314
2256760
2269514
2278750
2322828
2366990
2060653
2340345
2702945
2708826
2848355
2839178
4252289
2928874
2963662
2997820
3013686
3153506
3461220
3491396
3508046
3542396
3589826
42244067
50025819
1124749
1148707
1331199
4069894
4114636
4119134
1384801
1394155
4278952
4345662
1424145
4453732
1576805
1660269
1960065
4565154
8137162
10909322
2552051
3889560
2702129
2738953
2817399
2862919
2874627
1434126
1650966
2506090
1001950
3774405
1291078
1403862
1473020
1473192
1661990
1071185
1693604
1730890
1491071
1803109
2167738
2199466
2034177
2205828
2072833
2655345
2358770
2424514
2437756
2453660
2570386
3610489
2716348
1024531
1079387
3225904
3284206
1485987
3623740
3953736
4089064
1748605
1832451
4229882
1869045
1919069
2096769
2218055
4263526
2507611
2586273
2607487
13469834
14440832
2681749
2865433
3027779
1009130
1049758
1248830
1376868
1387978
1701310
17686463
36342315
1563794
2248331
2717963
1223679
1354849
1467285
2681772
2096681
3735778
2679597
3772162
2906893
4063910
4316547
1169654
1355916
8259051
2371994
3001024
4579568
2489693
36101780
39239366
44359330
3684787
47808888
4091695
52952906
2179200
1192427
1255571
45417282
1301385
1555096
4394799
1907990
2009613
2145874
2219650
2221812
3473637
2367478
2390650
3256119
2364397
2346425
1899017
2067613
3313666
2711237
3367376
3373602
2973605
3456486
3582647
3542888
3995813
4051229
2382531
2693207
1112764
1153374
1232424
2190364
2233186
2357004
2555180
2707658
1413573
3070310
1474975
3190820
3380202
4071346
2781801
1016554
1054562
1736576
34030670
1195704
2348662
2665348
4303619
2185205
29844586
12473629
4240690
1342307
1441455
4158908
3163887
1376926
1460188
9748482
17973816
2965673
3931226
9306397
4354463
2730418
2784556
1984038
2545420
3167597
2667786
1582923
2761956
2772526
2886206
1663111
1383493
1131650
1481312
1442441
1209595
2066766
1327693
2370690
2661736
1237743
2824516
1236507
1347589
1487715
1534339
1929807
3199628
1955729
3315280
3624996
2125923
2275487
2466207
2565527
1077078
2792865
3187663
1227810
3419281
3846867
1290970
1350766
4283829
1362678
1355353
1375546
2329741
1436306
1445092
1449442
1474812
1476746
2022941
4380229
1567126
1590686
21506317
1646350
26024957
1665954
1709660
1743972
1797368
1801898
1810574
1189765
1859978
1288455
1289181
1894354
1991262
2021402
2476151
2051724
2051772
2053514
3361389
2070354
5236529
2075470
2082532
2308703
2155858
15986929
2158068
7312205
2199158
3199203
4205297
2240170
2277001
2441285
4704067
1711363
2319536
2339342
3978939
2441132
2463882
1704253
2542062
1963259
3749427
2616426
2622550
1726995
1845243
1999003
2037305
2665102
2241241
2682360
2710552
2720492
2735414
2773506
2859564
2882544
2300789
2690271
1658419
3084632
1241309
3107516
1319559
3127074
3222990
1788281
3241490
2095441
3540706
3576228
3592126
26410285
1018076
1124346
3955015
1186276
1213230
1253940
1268974
2798727
1299088
1303256
1307698
1456971
1311714
1312922
3901785
1389390
1429040
1467348
1480720
1486532
1522280
1531224
1538466
6075587
2070159
1648456
1673866
1681244
1757260
1776320
16999119
1848356
4577327
1893972
1949738
1962964
2005092
2123596
2182392
2196778
2226710
2235800
2239348
2283962
2305562
2676953
2345032
1627883
2417376
2702031
2475034
3736621
13947505
24269265
2669774
38491439
41393939
53786117
1681589
2717766
1787899
2757980
2758948
2764092
2792112
2633193
3411813
3643771
2866824
9100195
2871556
2873976
1019745
2121655
3984623
3029378
3033934
2153137
32159769
3396448
43382715
3511578
3529688
4109968
1212379
3603436
2078897
1120989
1370303
1892715
2249147
3631092
3101797
3308421
1936236
4047266
4279495
15603983
1403524
1298221
3496544
1352367
1541305
1580265
1421752
2567935
1811524
2711907
1920750
2941853
2227162
2463162
2366063
2801252
8477945
32289631
43147945
3192302
15457597
1248524
2419605
2020798
2384812
2477518
3033150
3229270
34104891
4032180
41276161
35572504
47058707
1138259
1236897
1440879
1506967
1526791
1556323
47680996
1635113
1246992
2560551
2578071
2617467
3117309
3557979
2204982
3805279
2234216
4238833
4793741
2339294
4914971
2403030
2497250
29961931
2519144
2816868
2849466
2849692
1598093
2857515
4195299
3583788
3664096
2171101
3723606
3010411
3818163
1210701
1259993
4109892
1655705
4398366
3100155
1072130
12040963
3539471
1417534
1492308
2051397
2070401
3395296
3376310
2469904
2553432
1843712
2125944
2744017
2969861
3107403
3169919
2102106
3313508
44075303
4285096
3800142
26389509
1342419
2587435
2616083
3670907
3792269
1950956
2022928
2081012
1399067
2191304
1567905
2485128
2728609
2623546
3724541
2797230
2798854
3370980
15176189
3045714
4513981
1919299
2806863
1294411
3895468
2939512
3554533
3357561
1361655
1439295
27671178
1700482
2194147
1113972
3128745
2844742
4663516
1429451
1888089
2749277
3118471
3163221
3165869
3742627
5908902
4130853
1368098
1911570
1944268
2138348
1025031
1166735
1384385
1541025
1564979
4228824
4286790
1914813
2011797
2026245
2169555
1091784
2270881
1188200
2297803
2461931
2745441
1640628
3394813
1851258
3525569
3561927
1988828
2306126
3822711
3906183
2753722
2836398
4385217
4667883
3225986
3703532
1169711
4102184
1979835
2344078
2538060
2218111
2791339
1227275
1422375
1991941
1413478
1758984
2230202
3137368
1532798
45671203
1148600
1385922
2708548
50749529
1261221
3896028
3961472
1962835
1401838
1555920
2235405
1005990
2493909
1250128
2525489
1294678
3320055
3365233
3418923
1628430
3438949
3547913
3680975
3718571
3835523
3920186
2332440
1756036
4039092
3718672
4248108
2004864
1659064
2635674
2731562
2169542
2765474
2773708
4197456
11540819
20027371
23414895
2374428
27158373
2604880
37046947
43004199
4236458
2054468
3456668
42750347
4220556
3443958
43466499
4139304
1066521
35356960
4181280
1428057
1459605
2786190
1553293
1673603
1709311
4695712
3722522
2204022
1626210
2729214
1066094
2748261
2906801
1531530
1545572
1654532
2254692
8054683
2366302
2539480
28439597
2694174
35253621
4389112
1302396
1361076
37176669
3841473
2594348
3024374
3213448
3514802
3626837
4555430
2798609
2843565
4501549
1007364
16720545
28156577
36907083
2174026
39335693
40223199
2769682
4449689
14541541
17573512
