46947003
1840926
4202031
1583422
1229853
1423635
2621267
34388591
1835835
1531560
3049806
1311140
4138713
5036886
2557788
3297432
26711573
1121640
36654331
48448058
12845251
1149079
2348302
3701059
1834922
7698805
17296489
37854135
2570903
46260411
33324508
2112755
2919785
2212427
3502079
3953870
3524808
1277590
4073223
1356169
30539049
36232476
1267062
1417833
50474177
3099374
41154557
2964565
1678200
2084403
3455017
2361108
2447493
2114774
2449394
2787296
2924034
3150966
9244298
12967807
13350247
3752913
29884346
4854147
4903359
36751384
24983103
1666922
36371247
40946290
37984530
30735482
38735163
40812141
44135823
1600018
2353874
1046919
40272967
1310103
1503112
2275504
33330599
39504565
3321015
3335871
3448929
3580125
35049593
1884988
4206075
1432769
4866592
28107405
1688735
3152063
1652047
39339834
37245284
40894011
41576952
2773586
31830985
41790682
3097703
1383347
31312472
3707102
4719016
15266202
31834465
1328149
1715860
30503937
3305063
37856460
38571081
4228744
4132040
1208171
40154838
37200860
1262020
3399340
47964948
11530793
4553432
2458210
3172821
3836376
19969729
1080824
1309190
2286512
2771363
1447324
3132224
2385790
3609338
3756276
17045806
1547956
36137522
42763132
2039022
36578948
40186190
4008196
38481249
10839441
3894287
4274492
1310374
3373053
37605248
15759361
1588219
3314566
16749225
3443786
4187723
18808208
1324248
47188744
37892854
29410642
1329017
46538937
3857557
1922641
39979656
38933409
2751330
1391381
1490501
1810884
29632144
2351325
1146276
2711516
1572063
3724846
3549701
2913036
3319271
1389810
1395870
1634869
3857570
4561913
3654772
3151973
10270270
2832329
3666597
3897930
18068488
23433310
33177281
45294210
1045034
1332826
1572595
1722616
1871497
53324856
1890513
2172436
2604376
3914396
1761188
2971846
2354375
2978396
3243254
41807274
3467594
3568805
12029530
1172718
3787916
3667464
36636289
5169506
26579180
3623442
3675694
35488130
8522310
2175990
4159246
38816378
41936741
42941852
15970398
2808864
43969676
31744642
1110462
1583136
37746595
2125947
2179803
50517461
2372754
1117763
2702421
1335116
1502753
2201753
2747465
2868593
4271350
2382082
2036670
30010855
4412129
4823732
2552340
13979804
22166651
32032160
1916094
3560325
4382217
1257187
1118765
1730867
37835289
2980799
1809354
3856797
3329039
3047923
4294909
2090419
2967558
2226423
1783219
1943650
33755068
37887091
2173344
36595754
38545676
4307994
2520091
2571898
37633035
2763657
2745831
3629574
39363470
2149300
4840012
4837632
2252512
2656711
3088599
34273501
2628617
2228079
4656433
1155214
4517421
1721071
3189596
1984684
11589227
15088324
42620962
2529530
48831400
2014266
37972642
36310967
27500155
2841732
1192838
2719640
32047477
42640387
7803143
3468604
1213146
2772300
9417795
2673396
3310704
3973055
28456674
19160216
6379831
4389767
1291695
22663270
4135182
1133908
2646647
2594542
1258698
3042018
2389364
3090545
4463688
1990602
2255199
2686216
4327356
4213471
1086425
34487357
35285591
3259999
45622784
47375168
2550508
3407413
3570940
2427806
1825906
42743291
4340413
2219360
1979029
3044788
4089056
4640833
3380743
46828447
1635913
29944187
4730104
1592133
2268354
4107036
2426188
1047561
1064103
4010093
4240526
2461959
2533140
2583114
1382020
2741276
8154845
2885839
3881577
3757702
4406085
4469965
3436916
4621725
3015569
2579891
5541393
2146847
2542645
2825320
26365515
3111383
2237003
2791145
3417548
3482147
3701979
3974009
3429331
1597100
2448393
1223155
2632335
3711027
2086294
2284756
2165937
2752587
2739152
3348583
3487432
2322240
32792054
2902389
4236646
3996372
4545339
17391107
3409762
4707921
3585095
31709271
1651268
34733625
2944312
35650473
2045440
2809277
1645159
43922802
44311368
1755901
46223076
3038852
47654307
53261283
2182152
1320430
46456107
2205184
1424743
2822205
1598989
3056293
3903959
4624781
2810117
2941052
8655166
2933152
2647030
3896101
1351602
1368291
1296047
3594456
1808301
2505132
3272753
1913924
3427431
3693906
3688489
3702255
4310959
2194301
40349586
1163434
2718704
2933972
4220588
1283940
10916746
15397732
1806777
1886130
2039928
1732276
2564550
1795801
2841094
2724432
4228978
45306000
1865798
16740957
21619950
10588214
1435240
2254547
36044364
1068415
3682259
1338463
2169047
1960840
1321202
2799536
39903747
2409169
2921495
3257138
2690542
4198734
3239566
3355624
47130056
4358061
3934807
5920254
4324690
41263812
1393934
1251927
4414243
4509217
1541960
3652778
14517478
28761095
17048049
4814564
4803908
52197076
3026892
46126693
3087662
47524093
3976070
38677324
47044813
34098570
25925152
47975299
3045171
3899135
47437516
44551468
45436516
40462294
1565196
3386244
41850418
43450606
1241605
1525893
1703125
13149149
16541357
42861390
36707948
44454266
3729961
2131410
2324544
36977599
2517472
3001053
1456376
2353895
2153683
3615297
3996264
1640342
1904360
4240059
1200844
2169578
2204743
2380820
2226628
2488688
2611832
2975179
3109081
2855057
3649198
2959739
3033428
3147686
1316127
3244652
3670661
2400498
40319884
2984737
4021877
4104902
1329451
22593191
27189320
3105958
37560485
40305533
4673772
38574766
47540374
1452927
44707004
2206213
46271459
1818589
46881302
41866252
2228568
48135029
48549779
3267112
3413532
39862708
2645683
41940610
55329518
17453659
1935849
4281238
3721646
20832509
3809839
2493141
6652635
19972326
2187310
4018244
4858405
17925600
34761120
41556840
2038454
3885956
3578862
2866246
4534632
11420748
2097069
1813886
3214672
9377496
1125077
3162593
1277106
30873995
1970895
1659424
2729238
2852793
1094741
1173821
1246448
3960042
1529213
3627101
4587561
1192308
33051887
34725392
2464398
39306203
2702142
2762001
3179832
3661863
1648023
3465215
1678308
1639301
4490819
1691063
1367250
3017258
34908944
28002231
36530928
4410071
3301446
11403251
1842783
1911881
2788520
2452467
4554851
2127797
2245049
2883806
3120926
3443567
4486120
3604442
15324025
4138964
1642042
39921795
3969865
2094185
1232516
2604673
2780109
3523087
4481454
40502568
25617465
4043302
48625717
36280860
4310298
1806273
2303323
4358957
2390755
1080584
1425990
2683679
4033813
3615133
35828624
2362644
1786319
2656821
4453858
1604920
2816094
2151892
2845654
3334896
17510384
2696753
4507249
2791802
1158523
12025036
1765916
2681137
2754104
1256239
4609396
3562057
2046324
2257514
2533928
2719451
6681760
2751368
2383062
3320962
2442207
3715871
3672844
3874937
4431700
4200161
4255022
4318961
1737640
4625203
1104320
1321979
3818284
4387966
2301049
2465484
1474519
3177734
3182370
3186340
1443355
2335021
2670106
2891470
2342391
3655945
2494131
2874887
3110613
3384819
3537111
1116574
3773166
3901608
4647614
3907218
1587257
3974115
4240420
35434886
8452956
12639812
35159392
13306115
2318998
27386220
38355062
28206027
39792044
3472705
34955631
46602811
38740035
3734830
3604022
47004635
41040155
1682503
45626414
1113621
2081089
2090656
2389191
2692512
4462484
2909013
3859797
35717713
36377482
4325508
4728230
4541248
1583434
4161338
31377081
2368634
13316900
8801287
1326950
1875655
1061347
41226711
4689855
4062717
1676482
1111266
1990783
2436699
2156186
2287976
4244394
2451310
2536229
2540345
2463181
4400115
2767204
12804930
3335366
17685675
4015346
1360187
1020520
2236812
1426604
1277977
1987565
4720440
21037506
1865694
2283854
2421644
2651487
2507150
2591057
4523553
4632156
3987578
3345757
1387848
1390680
1834173
2175420
2535692
3880159
1126556
1810889
1895500
2697982
2898469
3213083
3480174
4423093
3934409
9101206
4183397
24382447
44024435
3984312
36509932
36742492
40551043
27313776
47389012
2785014
1035485
4240437
1666338
1634143
2470433
2539795
2919759
3593495
4086260
12236179
1025397
1094241
25814558
2727587
4461393
4486977
3719850
2881095
4166119
29226019
1747665
1347498
3391524
2168819
13054744
2439914
2326764
41204149
3623255
3837380
4899303
1655847
2728104
15086126
2198764
3681398
38602902
3118040
4523453
4434108
1534826
11685459
13050573
1938771
2882791
3419034
1922852
29360917
1216502
1422635
15927558
33322119
42692040
3283826
1843947
2190916
3533721
26826911
3986811
32709078
2676223
33341084
1322424
1625316
2030388
2237292
2387055
35419291
2195894
36453165
2210445
49454295
2948355
3068025
1389403
4265256
6259230
3522593
4370621
30164706
1494334
40637781
2944842
3450738
2462093
1346404
1882000
1898272
3344548
1233585
1440498
32675353
49288849
3870566
2103715
4007354
4433346
7849011
1250331
1512972
1281475
1769880
1692791
1996974
1156438
2788609
2261211
4022074
1707397
2797587
2897091
3105759
3373382
3164991
3477756
3778440
3850167
4059132
2068535
4322400
2708390
2714240
4243391
4249643
8586558
29101028
1176712
9343464
1949705
1602591
2718628
1121534
4392514
4615854
3323868
33458115
2116632
3110755
10434437
12440769
3088368
12798263
2426394
4518697
2215214
2382056
4695628
4100694
1181026
3796683
2138839
1725038
1185876
2292527
2382392
4082089
4199611
3052781
2834424
1242446
1076938
32902371
1587648
3856863
2254448
4063143
2962874
3076685
3133388
37843817
1096728
43594831
1668914
2247726
4274395
2374287
23955368
19629307
1476647
2276162
1896343
13330330
3923280
2952479
2560087
3395269
1416652
10618923
25497408
3148027
3380787
1958147
3596685
1496548
2292308
6845437
2199570
3169946
4847806
1338983
1484664
4230707
4788950
4159999
3767068
1309095
1337265
4607024
1433836
1473945
26564735
1534603
34244891
1189220
1448381
1932503
3536233
14405911
1722252
3176712
1787458
2424286
2635912
10101477
4240565
10263756
4583511
3884254
3257499
8489253
2797344
3554063
1289763
5666515
1620542
3759519
2324667
3518798
1299734
1402424
1530485
1625351
4724262
3340704
1905725
2307764
2561087
27624774
4562079
3208946
3650538
3354131
3462251
1806523
2210428
1506381
2083044
1001636
3754222
1242740
2323089
1017162
1399341
1539141
2022419
2053793
7954765
2221196
2229449
12525916
4305666
1021444
1023280
1201894
2650616
1608750
2013046
3392312
2713846
2856352
2835045
3275328
3535410
3675887
3308692
3539410
4153151
27918447
4315019
4268827
4416745
4560338
41271948
46833297
50836287
1186508
2537602
17676142
3143935
3301623
2396142
1646252
2012359
2145553
2849591
2893369
2906725
3396209
2896797
3519759
17982012
1303810
46546173
49507551
2103350
27644656
3746250
3428147
2554637
1414639
1844458
1959801
1745948
1992269
2255852
3381505
4363270
28032026
1100308
1231288
3202848
1669994
1092806
1505783
2855952
2539388
2133433
2216662
2523815
1515605
2904142
1910909
1604441
3739230
1411916
1039904
3804966
1220516
2348840
3682234
2682788
2698184
1506528
2272600
4188207
1419824
2676150
3373316
2426838
3985187
16359979
4328543
2935963
3634825
2745465
1383469
15185446
1218751
4200879
4692535
29025679
3309981
3722490
14963510
17869430
34316957
1924755
3855969
3704602
4309456
3159927
4147535
4198718
4359134
4770228
45835351
3007626
48220934
3670074
11884145
3773528
1367329
3797937
3811296
46315835
45349570
3091525
1581035
2541823
4220583
1545776
2973014
2379163
3842086
27696214
4044609
4219086
2089468
3662870
3758351
3810680
3889007
1611363
28970486
29828798
2682941
3821120
4696688
44070651
26629166
4265528
2677383
2286212
2170246
2521083
4044810
4240739
10027494
30668466
37523421
2796707
3399746
4001942
9873999
43920462
1100372
2025761
40904767
1410520
1522287
4120222
4545492
1699876
1324647
1169283
11026637
1071022
3135767
3396458
2184647
2543809
2229937
3304906
1332113
3578671
3136136
8728787
4493104
1508707
1560850
1814092
3925189
4705923
2187786
1407081
3050501
1342433
1772789
3147768
4220426
2646346
34215612
37986867
2941507
4288822
17325997
4390592
4023115
1249130
3341652
2776904
1520473
3573677
2263687
2273344
2655895
2837254
3314167
3519313
3591811
2293536
3829474
1366910
1555901
3843094
3671267
3675677
4032092
1325945
1210594
2568202
3989686
2895935
3315617
3736502
1571779
2374944
4445693
4493357
4021296
2684758
1471047
1397517
2310967
3112054
1211506
1893272
41066584
29295254
37050397
1327451
1442568
3664447
1532347
1931425
5263690
2008465
2947051
1026074
3422964
3228669
41101409
1480433
52296353
2071422
3051556
1418468
1974783
2317458
3288302
4912978
4553489
35531833
1735645
17285897
28259936
35431055
12315244
1565017
3767372
1552053
1912773
2066985
1236442
1800155
1140981
6553957
3539229
1439619
2409998
2447834
2707948
3097745
3643040
4255073
2906297
2275793
2350169
1093649
1319096
1497770
2970088
3248466
3277809
48346621
3605000
2227078
3161318
1688378
1306963
3956359
4259068
36845351
3671371
2766994
2263944
1750863
2508999
1015989
3005381
2709839
1777373
1783871
3433047
2302393
3482374
2172396
2817922
2053498
5339855
11778077
48143164
46826396
46001524
1205609
2262854
3324168
3244757
2494298
1181375
1981819
2168091
2209516
2924185
48741295
3720616
35135534
2215151
2747734
2044650
30843317
2427312
2019491
1511581
1982297
2806101
2647241
3745460
3097454
1589971
4377932
3361977
2098067
2124855
35505983
2023626
2429105
2747705
41843774
3495796
3477118
3244101
1699133
1874246
3928341
3745286
1059579
3900041
1537995
1617495
2385975
2818814
2649918
1009795
2785923
2211226
2230672
2297878
3553461
4136052
34529505
3076735
3155053
3567044
3659646
2241101
2417689
2168196
2280696
3444100
1088350
2170396
3577802
4515391
4098501
1431118
1552097
2348048
2213946
3230191
2220660
3576298
2358192
2751458
2623023
2785634
2048376
37032447
3427924
2543255
2402005
2620671
2550599
1657077
1789803
4240133
2186086
1412580
3117550
1415154
1639938
2017269
3364117
1509616
1231571
2597940
1964663
3362507
1271822
2290103
47944367
2914575
4391386
1217271
2438976
2462100
3552085
1424666
1467950
2436411
4789215
1594591
1668185
1967274
3185905
2454903
2258144
2530427
3248746
2765336
1198969
2365198
49504707
35171927
4456148
3431870
14012163
1292746
1932606
1484453
1216738
1257836
3887892
1752004
2181557
2596883
43704429
1397108
3055537
3611644
4187731
42997923
4172366
33808891
1433521
3376996
2252282
2651491
3203855
11640736
4458941
6726623
1881630
37110633
2345374
2494399
1427322
47102861
3197419
3417382
38785210
3208240
19440436
3391084
2668883
31770750
2345653
3117422
41893233
2808280
44028567
45061818
3851267
1991722
1603489
2230445
43433840
2364530
1264996
40100946
46832357
2748710
3664888
3458874
3561300
16636742
3504733
3548407
2078941
1248299
41190691
1487718
2264150
2709263
2442738
2629348
3734656
3293939
4152463
2442891
1252874
1985658
26454754
50527068
2104562
1383228
2387679
37423879
38857030
39041692
41432953
44306134
44713582
1438605
51017512
51192376
1160891
49996315
50393971
3513072
34790657
36771890
42282275
1841434
4856512
4160874
2673055
51547109
6638914
2386688
8073687
48157993
2450928
4146222
32769407
3137233
2460240
39962153
40428074
42137483
43795970
46847253
44195255
25875060
28942299
3016966
1305769
2177856
2486289
2700445
2972218
46681709
3479668
4029559
50033564
2620808
42000678
8808494
33444939
3214834
54689623
2341680
3124773
2075666
2072963
49897654
2370818
1733571
4306117
2653560
4195076
2454985
2428634
3266867
3752435
38212063
12210804
40861183
1234887
1252857
40765225
1826427
33275294
1974255
2203416
1252666
2820006
1892489
3209767
3216430
3076091
4504908
2623162
1204152
11042476
1986345
1476820
1571695
3755243
2834658
2036624
1273421
3854764
35520359
1610999
3046650
2202340
2536469
2151703
2571881
2684918
3683285
4567923
4210025
3316948
2276100
4616174
6523856
2892208
3293228
3924053
4272839
24192041
35295221
1370333
2515990
2801672
2317734
3021494
3395649
1220803
1758433
2398408
1203975
2603131
24516390
2983440
2764185
2201970
1989594
5910222
3413736
3109992
2177754
2936386
1952520
2420889
2104603
2868252
1113322
1384174
1458910
1517560
3303057
2128474
3034948
44157009
3158992
5617402
1856215
4599672
2239418
2448258
1457860
2825449
3915493
4011101
2543647
45798497
49169149
1399334
23492721
26594754
1255181
3844852
3868210
3964924
4730411
1487076
1944391
2366821
21935364
2517086
1419732
2988098
2270631
1255674
2089789
1912257
3189125
3566851
3596755
2810241
2841537
4149496
4592216
3560859
3775113
3202967
4511007
1863278
14910813
4307206
4463465
1280792
4022054
38723278
1300289
2095038
2597022
2305997
4021488
3238581
4284186
41507911
2653148
2253551
2094540
2453821
2650384
3051147
2095607
3712538
1614269
2400975
1969847
1920722
1951314
1369805
1458002
2156037
39910375
1374769
1761322
1838320
1849963
3467294
1297001
3832357
33274180
2676787
1094059
1234051
15989090
1771633
33254790
2269126
2312086
2123835
2163290
37206227
3267318
4048395
2341487
2828736
35325122
19310194
1441976
36663007
2568640
2287307
1790379
1237729
2846505
2720297
2778497
3529364
3856620
3909236
2356108
1325751
1516900
1590081
2358013
1483068
2612932
4290965
4244203
1585904
1219665
2180778
2362251
3955841
2817015
32398568
2967002
1523341
1236554
1294731
1326669
1374375
1126831
1697815
1737153
2412922
3699169
3030988
8519401
2357079
30941707
3015624
4073077
2596321
1348734
1538589
1727334
1862178
1904679
2282043
2333313
2398897
1610071
2519956
2653564
2617188
4247022
1429642
1523449
1646464
1354791
2057794
2087257
2228644
2257663
2276001
2754307
2779009
2856115
3262053
3278064
1184008
1409482
1659288
2453103
1721104
2243884
2302171
2526496
2553946
2721529
2779255
1239591
2869342
2164578
1449247
2569704
2684919
2441143
3478035
28339560
1727901
1971795
2044281
2603964
3530665
1284289
1948861
8938455
37999912
2576365
3926533
30690225
45914535
1042464
2230857
3565875
1079829
1150170
13113136
2792074
2561152
2869977
1271332
1181047
2662812
4512790
2464891
1623418
1303396
1368772
3885468
40418103
2515152
1668199
4914801
2158468
2254897
3105162
2785783
1490257
2515503
3735034
44299215
2091760
45792844
1092757
1106529
2292279
2200687
2453020
2636485
2628612
2904807
2039782
2097588
2511373
2768482
4656972
9279205
1386373
28929252
3392119
2839311
1157421
1430097
2627167
3184429
1406829
2525433
1440523
1102608
2430901
1231461
2453563
1984668
1318423
1379680
2682222
1202293
3355209
2261140
3699619
3559371
3604647
3762201
1972309
1220470
4334664
1306285
12031026
13035765
30529809
2242539
32137890
40750651
47126536
3402823
9445561
33973576
1009081
2174773
5651014
28361245
3808228
3393814
29153607
1441576
4874709
28469113
2338396
1369074
3048913
1575591
38793192
1078518
1323982
1234749
2679279
4531123
2511555
51485461
46742142
1510981
2731353
4220541
2741424
1173238
2740735
4314679
4482208
3100989
29820120
1155079
1544106
2881438
1494961
2511204
2442847
1545640
2404240
2700567
3844480
2638492
1575901
35235978
1512699
1803685
3917544
3267868
2196469
3198991
43339672
2978256
1417573
1951351
2637562
2777521
1570963
2864766
1556668
2627274
1868388
2179452
2098384
2526424
44575879
2023390
1367235
28153351
2700858
1130178
1653790
1300134
2242353
34305496
2441868
2472090
2595756
2711175
2936416
3444357
3482115
3934567
1946913
3078349
3628189
3910381
1232713
1829806
1259439
2788149
2269591
3610674
2880112
4220499
3202603
4025275
4104403
2438709
2591722
4315953
1257818
1930532
1024779
2397449
1793008
3330705
26910874
1783923
1937973
4623170
2276601
2335971
2447709
2491572
2029894
3398202
3501396
3714444
3769170
4556310
1561166
2039039
7216552
4129597
3200171
2389405
2593765
39625404
40128408
40588929
41735856
42263487
3096973
43928064
47945804
4605520
2307731
48537361
1974551
4131892
2009277
44442946
21556919
39193457
3835181
23230897
39276517
40423954
3846040
1778203
28807174
2558105
1317232
1608511
2234785
1051202
2524138
1872926
2651371
3854396
4049761
4181932
8045695
13425478
2373755
19589680
3721124
37634798
42398233
44423548
1534708
2196689
2598866
4083892
4124092
23528947
1836405
2741596
2835031
34059578
2751445
1681055
2999779
2211002
3163306
1590657
3027017
1452576
43335014
45477692
12766916
15153734
1017842
1459523
2949309
3938414
3300910
2608366
2056863
2235918
4432829
1527301
2109667
2428914
2437185
2704780
4218454
30581416
9698934
2846155
11016647
3359365
45204931
1377546
1302665
2342512
1564329
2978275
2737651
1146308
2199947
3983416
45070661
3445155
24340242
29446835
2560657
1054154
2016846
2383398
3958616
1861451
1387854
1228728
1237589
2307279
2533903
2656879
1636118
1637630
4304739
1730336
1813547
2622624
1193869
1201420
2383893
1241545
2140658
2315550
1737121
1989643
3215527
4385572
15914536
2594717
46626196
3473014
13956870
1219292
1293299
2310439
3754600
10646539
32034217
1544357
33721594
2519734
1881449
1977854
1486266
1688236
2198909
1290361
2599284
2167291
2438747
1370553
2827719
2719166
1202004
2404707
2546181
3140902
2929722
5912640
2217379
2680930
2727982
2865901
2634684
2690624
4424020
1020426
2314250
1249002
1178078
2622952
39946881
2435159
2457791
1129606
1459594
2980513
4364386
4637306
2123222
2461650
32515420
2431766
2635812
1030570
1105981
2908283
10353043
3538982
12446409
4042721
1451823
1171447
1346304
2096938
2219905
7507704
31050645
1454759
32305905
1532000
50246341
2961944
2978003
3619505
1613539
1655221
2304977
1980406
1988254
1722140
1128509
1387841
1746440
4218963
27785476
2438529
3856318
4112382
37804250
16666584
1587830
1715381
2907864
1172745
1309725
17061694
2666184
1503460
2697833
3341227
3602866
4821032
11667413
32472065
51858630
1191359
1880269
1279810
1537166
1572680
1777919
4520985
2064410
36964865
3378692
3121679
32578148
43252419
1577253
2494357
2130701
2887838
1449981
1983500
2020143
2108388
2615466
2697829
2795535
2860295
4548446
2470787
1284717
3966131
23824388
3454178
3471491
2041706
2322572
2377357
3452186
1262568
6662162
2835081
1047885
1324109
1249444
1518097
2118403
36298457
50346761
2322810
39837822
47356888
1730198
1951437
2162938
2263796
27324871
2161486
3096703
3212726
4150378
1368081
1521930
2167539
2239122
1250489
39770385
2652938
2809865
1836964
2597674
17465582
1281645
2383346
3040559
4222967
8979674
12644318
1068835
3924175
27065725
1474154
2240139
1586251
2583703
1014574
3389237
3588798
39517083
1226744
1384673
1849631
2710535
1433866
2905222
50830590
2656470
1456831
1552030
1485587
4370715
4432032
2422424
4518261
4120354
2717066
2722730
2793848
13288200
3280859
2796475
3525940
2859952
3554434
3870425
4321658
4450334
37390752
4662305
38701794
40357251
36840419
43425042
1298473
46882752
2012455
47594445
2213518
3451489
2349575
1893834
3551605
3788230
2539530
4216117
3158334
4558003
3912960
11958690
22171585
23078491
4776341
32561809
1615334
1780631
3262761
35982904
1518371
3959540
53061156
1729958
46991167
1383201
1531800
2047059
2293675
2901540
11909156
40253319
30805983
3753871
3902980
2059348
2627703
2081257
2652724
4437565
2720709
1661152
2923375
2078354
10884970
37361167
1033997
2103363
2355870
1880917
1135847
43803025
29904446
1528012
4820665
4059102
4739187
2259194
38161997
44142404
2248238
2071985
1743048
1749730
3120101
29851246
31801786
2403464
34018465
38466421
1835476
1626779
2901699
2398085
29582613
3524611
2217525
2322072
3906556
4428772
4705297
1504613
27248521
34044854
2725139
1011345
3551897
1038270
1576053
1588857
1772316
1498592
2198660
3397821
4354255
3530952
41171603
13197771
4240552
1485164
1481623
1322613
1345008
2863055
4310059
1522359
3767630
4407071
1660348
1443298
1199956
1517929
1596982
2133251
2187001
2471020
2307254
2405765
2493308
3075905
2735215
3412100
3724826
1066600
1687472
1293496
2372718
3196001
3602459
3854289
2646568
1824367
2261930
2227665
2346985
2643202
4524263
1108382
3997208
3101058
3761821
4007355
1330145
2437037
1473021
3900326
2009496
3994941
4897636
2450638
4338830
4303683
2157207
1807436
1629873
3985551
2246147
4077541
3457692
2255968
2450508
1206086
1952855
2233031
4904535
2967776
37210315
38390709
2824704
1051036
41025929
43976150
3667708
47078408
48571784
2758443
3053905
49313009
3607630
2598375
2781905
1600848
3215054
3860771
3897263
1579288
1708369
2859928
1913195
15035026
1496845
1794820
2116549
2521834
3395598
2425302
1227698
2582987
2533606
3581943
12027474
2799044
2424726
42327384
1014684
52712622
1091726
2157105
4092230
2568654
2880445
1778604
2177984
2931757
4206403
3079001
2965110
4140473
2253538
1138759
1711921
2129681
1400602
2400687
3487819
3158019
9096532
19860066
1901858
1243215
2967929
1915878
31813700
1578742
2462527
2685930
2217527
2244566
1150461
3839398
4680340
3754676
18841921
4810892
1836006
2064579
2204175
1462384
17535390
2685841
2535816
2840494
3125715
4340959
22517504
1167910
1700191
1280509
1762468
1963402
2846804
1597732
2408401
1570286
1766392
1350415
2224787
1834414
1617028
2544452
1933280
2428061
3580508
2295399
2415816
4714583
4741625
2481079
2529004
36525005
45600909
1035496
2838977
1130962
1465502
1577075
1533291
1342402
1327786
2138128
3114617
31706753
2528312
1172835
1367091
34217575
1407776
3193167
2715326
1071597
1136563
1612681
1178481
2593387
1895480
1943051
1271293
1994954
2178455
2246096
2580290
2824541
2831437
1765756
1015081
15127916
40609472
1073491
47992007
1516910
4627656
1358786
2853023
3341447
1560123
2059569
2278866
33328799
2893650
2590884
14285172
2672701
1773951
1809227
1882160
16938238
1851672
4220501
2217471
2319985
1832171
3103559
1475104
3057584
3625629
1724920
1125128
2539861
2919310
4047412
24587611
1806019
2335163
2561933
2725964
1324628
4257830
28275698
2743213
2918731
1532199
1663910
2262895
2681175
42221876
2503217
2792424
1307726
3440457
1968749
2295671
3177361
1079275
1058648
1131737
1231667
1497746
2015156
7295220
31504904
42032322
4294027
3930717
1243961
4509901
26635792
9389361
2695022
1310121
1542651
2679517
4542491
7664090
39713114
17435366
36665429
46180157
48374450
4203385
2736081
1670801
2000609
2386070
2670524
2788553
3934223
4230488
4319630
1953219
1041223
1935628
15150731
1996159
4568406
53665290
1432242
34229975
4719798
34787687
3409243
36124766
48613377
4223860
2158147
42198708
1002127
14720016
1244062
44912940
2470668
3707223
2633927
2638979
35046807
2911339
43264908
13396850
24456674
1871477
2073249
50743965
1564137
33142090
14756397
41056566
2972555
2717627
43838490
2943491
2588182
50463015
3309781
51687708
3422629
1516052
4000111
1973769
4403269
4693603
2345135
12182128
1495385
43729444
37019778
1162796
3342855
4678504
3561256
1337712
2254776
35675613
1226091
4368587
3865765
4902793
26493223
3507240
40747897
34143311
44938159
45572383
45592630
49139652
1495916
2455962
39418426
1327964
44464017
3534820
30980894
3000098
1177834
38738026
14396806
1700306
1119341
3788851
2393031
1687007
37518070
2686559
37097533
2797697
42838504
43173880
44135044
49568662
1348742
2365412
33275222
4375138
17048263
48610192
2310379
2456860
34870658
2166755
1202687
44303536
1304924
42759391
34767346
1223933
44694940
1650359
4713004
1585941
2371442
47372722
2805203
30602940
32419080
3548538
3670981
3232611
4276542
2982729
2315558
1279081
16231176
3939211
38226646
42656005
2173964
44493031
3324786
38652306
2718401
2848913
3837570
3547893
2545466
4168220
2531067
8924778
41389533
3221354
4676798
2479049
54282958
2015208
4576725
1227231
2664947
2704562
2876852
4196802
36814249
2447684
20196937
2952052
1072004
3976996
9840937
3384008
52337115
2476488
41012269
54282531
2990106
1998767
51732025
48443454
48913089
1393092
2497691
2116365
1553963
3493398
47010175
1042643
1410809
23159815
4218673
45159633
4573408
6435981
1334667
41018448
2541468
2776656
2797725
3492033
4019577
50204203
2377541
42758856
35550765
2711350
3372851
3914745
2155172
41296396
2196275
38146682
2543007
49379059
3497133
2526029
3638746
37267359
4637683
19469234
2324507
1740634
2086951
2493439
2674627
2762812
2825959
4303655
3038641
48466338
3680701
3781681
33530797
52933293
7967470
45509989
1430228
51178207
4160200
2905972
1317161
2432111
2740673
3297455
46291909
3532391
4427761
3894200
4334474
30657440
42018142
2637815
4245494
2495288
4535271
2849662
1293890
1759379
1834406
40711246
46077388
2859863
47516722
4299089
2558614
1390262
3344419
43191811
1042985
55557789
10710034
1722494
1712582
1045025
51206616
4582823
50682034
43300683
1925387
2125100
1178126
50712217
49410235
41712914
50676564
1780517
1220738
1882604
2315810
3547016
40667482
2523062
3026888
49395183
50962492
2235719
3085913
4368884
54312549
1230915
50073412
2910468
2274539
47026879
17116584
1001729
1441487
34671798
49931460
1089017
4885668
1788716
2221628
1003547
1556829
3053910
31895343
34872561
2401603
36770829
2615246
46202565
47181375
1246288
39912970
2505421
2764450
3955910
1645957
47585963
3457417
15744348
1963618
48230739
3857075
31955717
35758816
1033985
1200314
1825966
2304713
46287087
49498680
1055342
55647141
1791669
1603553
2614315
1727168
2904488
14300032
37034665
2605160
40356046
3596970
48420198
49945483
11168916
38644052
10403933
53523807
4506853
48129729
4055225
36767019
41391207
33774794
6247953
2535627
4919648
16743645
4110610
4464727
13261387
39475059
44311712
51354865
44259839
1105127
44579689
5132896
46672155
43264276
36404059
7417782
2043526
28104701
1843036
34963716
3861668
1529278
3206801
1352465
48795490
1884461
1437107
3392836
4308994
2288271
2400204
44362228
1211837
2858349
2906232
50967595
3620360
3727668
3786855
3831009
1378190
3961935
10040579
4469790
2798614
2496077
2822074
3428144
2837503
3168283
3024044
3793177
29008541
30091763
3897898
31811100
4007410
34520301
7775326
10397344
31265893
7707971
2576210
41112703
2145531
43242616
48288035
44543989
28350995
1897120
40506487
4583168
3386846
1732184
34299380
2621315
3255965
39947882
44351501
40155807
2015777
3576401
1857163
1901744
3380982
48073283
4299460
2516728
1791896
2306083
1729117
2729894
50807357
44159335
47310831
2507523
4867316
15974902
47139120
44689584
44668438
2789562
52492897
46666255
2498733
3846799
27792472
39959668
41486698
51279873
43235332
44116624
2682051
3332660
3026702
2598927
3618713
1263633
2082683
2680148
4542011
3484752
34744664
43371282
2304357
45345308
3981307
41153170
48487153
48503117
44140062
2261330
48261731
2284829
54656579
9980237
2203175
53237817
46191993
44830953
44440019
2617646
2858186
50570557
55305495
3638706
31526887
4613720
2430195
3672118
2346679
3231930
30053684
1714041
47178769
49453551
3854272
3423089
7683633
40235746
2576640
49396480
50742056
47659160
1858820
2441666
1305132
3642448
4860134
8658410
15348679
4465453
4634498
30081132
34820298
51742945
1420672
2536378
43850388
43902039
2172299
37980619
3401423
31056554
38614728
39827199
49188466
50830077
1419446
43757968
42598707
30602601
9250272
33482383
2559543
1845660
31849297
42660617
44870230
4315133
1451508
1562078
4373203
3071829
1370109
43712033
2793912
1085594
48811017
6666179
2470584
29028817
41459749
53024022
40083930
1554334
46370465
2717724
4115931
9177811
2179648
40877302
47338451
49100372
3822876
35480616
3650071
34428844
34099506
5796597
54863528
2277714
1873995
4104316
3723555
3770082
48609050
1960063
1618795
4533668
49922108
47324711
2940856
2312761
3388302
4450414
8433015
3517348
36917845
48429751
1071887
1565203
2473250
1319761
1391561
10966611
1914239
2383012
2597055
3748042
3015072
3455044
49280182
37911766
4481489
40007837
30831446
2914795
3380625
16958720
1521081
11447543
4455652
3193909
43167314
49818714
3099267
4305041
3912008
45755910
3217468
47288836
4147235
4137118
3487349
36557515
3898289
24164619
46261063
47052214
1745245
3158899
9732063
41681587
49496749
4217004
39860311
2567953
37922956
3920791
44121215
2087280
2802478
5429185
7613410
28210750
3879739
2690843
54504486
47049560
30907698
32496165
2365353
40207834
21445265
1774782
3922017
3832704
4294917
4624959
42164938
13598828
44001066
35644976
41917294
1411937
51136565
34389556
48561385
2841993
3880434
3853700
32676861
3038773
47145376
33638414
6182325
53324624
34724904
1702486
1737544
1948633
2167263
2493082
3307355
44919110
39058003
35009275
46792628
43650897
2678825
27994665
1420413
3958355
33262585
4071182
4556238
36009869
2799136
46480725
49293292
43881461
34565548
45679631
2239815
36681220
4588657
3001993
45017898
45853536
2401579
44956968
45565848
50686375
1312949
1411655
2193508
3941611
4865212
44895949
2628629
2676893
1877796
3218499
4256823
1168467
3026268
29823874
3110576
27394801
3198874
47821110
42492730
2058012
35117979
39436329
2054346
4582026
52344058
4224643
2179564
13253852
4607631
12237922
14136562
2182951
3504978
4207810
3419244
3512331
2231529
17100558
1225881
47507881
49076987
1306524
23134067
7634002
3537793
46565765
13794381
3213816
14590125
47552340
49904263
2209447
48328673
32801728
1039112
4441356
33751539
34057008
4158454
1874136
2802937
47140174
52118899
41384201
37265970
8041444
38648028
37267570
51436617
2984755
13299144
4387167
4554252
45411514
39408600
41241224
14828907
38439994
1476031
34241036
3380418
40792404
3282523
46962678
30180403
1712036
39051103
41441626
4416150
4697250
49344209
42956387
41776871
3074550
5421954
32937393
3521087
49459801
32375272
4774320
7801839
43667959
40463139
34224079
45740203
45716076
19838705
45693422
48460061
3929206
1414013
1651043
2287113
4365459
3461039
37524549
4427557
45588111
39184862
4658269
1472391
47636857
2827516
40489068
2346762
3757443
2790232
2129381
2360334
8460664
1226500
36655901
37106858
45219922
4729114
41507110
43972630
42471990
44381107
46871474
10025320
2517903
5445557
37401026
47861065
1473421
3664409
2292085
4481614
1574991
43180093
4336095
46350871
39063555
1841038
1064304
3443212
4369915
27337477
38301301
24301535
3561282
42213564
1550662
3522447
3346024
3781891
3375900
4310223
4442890
34890930
13621756
50465306
24506293
1057315
43052098
2573843
1330345
11235482
3439671
1239553
2833098
2140183
4182225
3174342
1873390
2825857
2865894
3742090
4413424
39637198
2928528
3325705
51266791
4472256
39669454
2577415
46088982
1350868
2305858
2429311
1416028
2748675
2891715
2067562
1524933
43738194
41044575
1390908
6719185
43767268
2417420
3689264
10941058
2217112
39229392
45175139
47926097
48479593
1730767
3048864
3176076
3596517
4187865
41946836
47430062
4565407
46815189
2122157
2227648
3285908
5780132
40761901
48191892
38601676
48763708
3975727
12008867
40615524
40714445
37070608
2932684
2779327
3560177
21327161
37313645
15243001
1423459
2284901
1722983
1251325
4557322
4350710
3493860
5794800
23943815
3566222
23341257
48709779
4357426
3982493
1478248
3193938
2408713
2416702
4517082
2484250
4305388
7968280
2167439
3070519
41781550
3514234
2734844
4167588
3514525
2207622
52026346
4256204
15410531
4221764
3875790
3607786
36892077
49843592
4620217
2459382
1831187
4327832
28231688
9278451
14754498
24424854
2774955
3918127
45077061
4574170
38350885
46997047
46510623
21115636
4622801
2424951
2451861
2391418
22064132
44530831
48940429
1821505
1799678
7838115
15602725
37192305
2138187
4154412
34927034
3927128
35369333
3421476
3898046
1219834
45994775
3389032
3841936
34600848
4580337
3387972
2918143
3004939
2590436
48236448
8668541
9307441
47464059
43414917
45623662
2771085
1244034
2585700
9484208
3415414
1926180
4547770
43367316
2584514
24943687
38515970
2043366
1084181
45428367
2169987
2138244
45450829
3451987
43037534
48076004
4112693
42531197
44003694
28699804
39354379
45797020
1258062
2684013
30994323
36631999
40975771
49651031
1891911
3013144
4428459
4466502
3076487
2787886
38864396
2846182
28645204
2089963
1263095
10772778
51704051
3840506
3805370
49016421
2668932
4525016
2853612
51722590
42590227
32359054
2091644
3657648
2634443
44320162
8400098
44180177
3903699
46805407
47117843
3967340
4392053
45797681
37754593
50081555
45075355
45585650
39567494
51020702
4327712
1393075
46977899
45846990
28035650
4504737
33940968
2625520
41258274
27946388
42836571
39633295
43951883
1542224
49029876
12063704
3674084
4851565
2307475
4220767
13304182
43735103
8907036
4024710
2643456
34951854
3444868
38556742
35024782
1709145
3766014
3081762
3035312
27919156
51234867
46973392
50550486
3917313
2626621
2676136
3816774
1876376
3378787
3536834
50849778
1369895
4904327
2485492
1184714
3866254
4892385
31503617
4126627
44374433
1374444
42294863
2185771
2363593
3977115
5311977
1258792
1796670
51669892
2011272
14675641
5344869
2963229
40258891
3454568
2160644
3599830
4163129
4295189
49859098
3335480
4687264
8638766
1895237
4000901
25818628
42957693
47850956
48765827
1769741
45857912
3738304
1239418
4012393
48046998
3981507
1786763
5964574
2432246
23823465
28924334
1344322
4541704
2061568
6164068
46596503
1192851
50649110
2144539
2191321
46613178
2423180
38686220
1129186
2389862
1811896
2655610
36260888
2571637
1450162
2193411
3891145
51476585
2909224
3427366
4219522
53547695
2204488
1867110
15006909
3866023
1402842
1058224
2615269
4186841
4432703
36363977
41331314
1748049
2123487
2179020
47499299
1518552
4623088
50259563
1510542
3637867
2529638
3613983
4236890
5334305
13681695
17005073
36439121
42211742
45766532
36037589
37380687
3636651
42460555
42676393
29129312
46627065
3561497
48193600
5543549
21867107
1905387
28456223
46001186
2412601
1604873
4252528
9349906
36007867
48348490
17461917
1501669
1775794
2658447
46819457
45274904
3810037
2227942
2561525
1002103
4230068
44627963
4496831
37696209
49715797
2239973
1405250
23221442
2426458
3252106
2236500
48982187
1515019
1494368
34810074
3730769
3713688
37099572
28731804
14991551
11541397
3346511
2228980
4881765
1969472
1689676
1966655
1557815
1613605
3611529
1469276
4225367
1412180
3311747
28033955
6580863
1562556
1159772
2719295
3842648
38510787
7491425
2965630
1073355
3818225
1276357
46092632
2830607
1897113
10144962
1193788
1336015
23357272
4266905
4089624
4121902
50122754
3115665
49712725
52265236
2380864
1156323
47542315
6618218
4550221
1425954
48614243
2016636
1671988
2695997
30271190
2944605
2920613
1211906
1443437
2810658
3100887
42416651
4537966
4728535
13889775
34633118
4461779
3950001
1573579
2543347
4062242
2847049
37225230
24100540
31650283
2233208
3300754
3483763
4871911
4402174
37324273
50127590
4846922
2843990
3275032
4697315
29217608
6241794
29839244
2346801
46835240
37109951
1938892
51376202
3491566
3479561
1745256
4412773
6418708
2925262
3516495
29341333
3755027
4285946
33173944
26158668
47469112
42699436
3553972
4230994
4261271
4758958
2364627
2050876
3762565
2620527
10934304
15013041
4251127
32102288
2676800
1693469
2490497
3533885
1963588
47032310
1404066
3805565
22259348
25717898
1131205
27669171
1487665
2440832
1564023
1982118
2149540
2452780
14406539
2713577
50828138
44179749
4257518
1473367
1418541
42574677
2591732
49742534
11291429
46817258
1254637
39049184
3567161
2449516
3445123
40143560
1798133
2232657
25654435
2609680
2711090
4365302
1257399
1554565
1878573
1446796
3554105
42153939
2994661
42095281
8916012
49805387
3601942
1833956
2826268
2687230
2084538
3661228
1990289
44576075
4239717
4079471
1787708
11772866
4472378
43814582
2287389
1942825
2612358
1960128
36865818
45181723
2445953
1205558
4306471
34946157
51922673
45360515
16453558
1272518
2596087
33648232
29244295
4531397
3320109
2543863
2650909
3732527
3286361
37368099
4490061
1358094
6791819
42146539
1455666
3692679
16523195
3759820
1895913
4382518
36348316
3878579
43542557
1948486
17046536
6746764
1673809
45792886
3381060
2393861
2324479
46751729
3956392
2131145
4168363
2494713
2848513
2745492
3126106
43195100
1820428
1147977
3341090
42714191
3848356
2896263
18076947
3620576
4208801
2722108
2584384
1053774
1198803
3067246
14626009
1387949
1434560
41632741
1942724
3280959
51570205
53374018
43165559
13979023
25034783
1426492
1274802
2508374
1638629
1882162
3914929
2645750
1994695
1469378
1164860
1841912
1875861
37051802
4273597
1682522
1613735
2217005
1536396
21526064
2597427
3261438
8986905
2535946
35809587
8188628
35056910
2051539
2429148
2537240
4011819
4243947
3251971
1909743
2093332
37544924
40563909
2694054
1211348
2233381
3263898
3987489
1107694
1137127
2435022
7963349
3315762
13069053
2178265
2425003
2767237
2879161
2341977
34907606
35116637
37280000
38145796
2570812
1363264
3168129
3258900
4316381
4269688
36320852
1698391
25749580
1092012
2166607
4650215
2889412
2436953
39787157
7087270
1162186
1202231
1645704
2219494
3653213
2622359
4199547
4556388
42248164
33316632
50947642
1337076
2782762
41150066
1609480
35283797
25892223
1115732
1096047
1295682
50477396
2800788
4313743
18600234
26815536
1493390
2485167
2384092
3678114
2979215
1097251
41266836
44450070
2416723
29084300
2673604
2732893
1425903
2925129
2481294
4782553
10281869
2188119
1914933
34154389
1263695
29044608
2958589
4441394
2335318
50080731
4324946
2610938
3719222
4720445
2300262
4589984
4528261
1579670
2024449
46769123
3518665
37351839
1734101
36817482
33296422
3308831
3730734
3584712
2305196
1425346
4712065
2484663
3601364
1886103
2274686
33746830
2512802
1889704
1775907
2293255
2009429
2583478
3264012
3867660
1983145
2088323
1389646
2757099
2775817
1324472
45611920
41170290
2831162
2609046
3055263
1084596
6503416
1515383
1570129
3017977
1533410
2825951
2986985
3532545
34365206
36042682
3132785
4064114
5934240
34913640
1131130
2436256
3972219
3951331
4211783
24350443
2798289
13372853
14063591
33513315
1503354
1510207
3145999
21828585
3556642
2537682
1003133
1739404
1672514
2884687
1951295
4037509
2304804
2531120
3481266
1509306
1762836
2522967
1426877
3984139
4404811
1532432
47268142
3878352
50181758
4710082
29108197
1177145
49819323
4288225
3363965
24881395
42049573
46917742
2506257
1799203
1903621
2383241
17518725
1984655
30415734
37954220
2262346
2926183
24539713
4007502
31460995
42315211
48380079
3875044
2755947
2220621
1076839
1047534
1561333
1075406
2433454
23649507
3338128
4443237
8145073
1857330
5568048
4853024
1558035
3316827
1266967
1975323
2811730
1129613
3403413
33130306
2630182
2464184
2225327
1665867
28967817
9332974
28580854
50751625
1197271
2636468
1250992
1668067
1420038
2584453
2893723
4583565
2469674
4272085
1229439
6836731
36968788
1029134
38390386
6383993
3441939
36611042
1474803
39261345
2912159
35891027
2883285
1953668
38408658
47012850
1345714
1614174
1290086
4049140
1701740
1142404
2209804
2359813
39352086
4156766
43627206
1987445
26695348
2594643
1553542
4043169
39932135
39096046
45370906
17899959
3269083
32710842
44085545
1212746
2144618
3068628
1592722
4070990
34475742
17211917
30074315
3891828
9727806
43723268
1212470
1787270
14159230
30839263
23074629
2526850
2566729
2578594
1603515
1510424
2887017
2562293
1510753
3691575
4023234
4485432
15789130
15115365
30103353
2589154
33846561
14407903
14947861
45792749
2375952
3507656
13239132
1267533
1404332
2597236
4683077
1697824
1252948
6110243
1176618
1477352
1725653
2910094
4147547
4470917
1210694
1627959
1701945
1076453
1725875
37300065
4301526
2736122
3595015
2919618
2937477
41772589
3371157
2007634
23430378
6553988
4414497
50154689
3088487
3444236
35674862
39567562
24466001
1713842
2789805
3383968
1936332
2375706
2896137
14430781
1793966
4698540
2687852
1360671
46919799
40768707
2728561
49682143
2454149
51729538
2739842
53706814
1553913
2349618
1259621
2176732
2433661
2613733
2703271
2241470
39257970
4163766
27561288
1319703
3688860
4647408
46129783
8410371
51433057
1753734
49948441
3987409
2264323
1603574
2492424
34320158
13607422
3068759
2835806
1231852
1439557
2424775
1353111
1429659
3655381
46900631
3096574
4118106
1974291
2975887
34143045
38701551
3000920
24419860
4295192
10822255
42417664
31704533
4347370
42497258
3904290
4148374
4516233
1167274
14124540
3605962
1652869
1091909
1260428
21919269
36937027
53802547
3758072
3963407
8213984
2784526
2378820
3557748
3724440
1286114
1573072
2177228
4404463
34842598
39945457
41732037
43682463
1504580
19617386
1257125
1772384
1313659
47672929
2315549
1305377
2144922
2068859
4523817
1532808
2855227
1196852
1428056
2363002
1544759
1851902
2268815
1416900
1542280
1874427
1982457
2265756
2616432
2927658
3334811
6193819
4078409
13728784
17113486
2155039
2634307
2679019
4147090
1706229
4712342
3544246
1068822
34455462
24316083
28360145
3512541
36552240
2786583
2222385
1206681
7997782
1821089
29039224
2007017
3959218
1237534
2737120
2352006
3173575
2431306
3818276
2247523
3925796
1613385
4110676
2857941
3899931
2897701
1369550
1924010
39230937
43832889
2893987
46291314
3008833
50491545
4318054
1025826
1119859
1299692
1170940
1150287
1981599
4044881
1486114
2075515
10818545
3713162
1482535
2963646
3355831
29447148
1675551
1958658
4614160
1426091
2310673
1217641
16992587
1711801
1181450
1990054
4051967
2411987
2566689
2752937
2542528
51504011
3521600
2892235
20203588
3212828
2468864
3303458
4638716
38758982
3017737
27301678
1114143
1259101
39445178
1381248
1438326
3151576
1845198
1927806
2114388
1005165
2013080
2876375
1198938
3862877
2386149
4576979
1037547
11029589
1279947
47507403
3482410
1388113
3504459
3823599
3312880
13776637
1152475
1999053
33304001
2616927
4063524
41517101
1531133
47352239
1292064
3300044
33032080
18395925
4041759
33810047
2632560
36743489
33493169
45662989
4302665
7563017
2982708
2634291
35495906
25372715
1668421
4222983
1709572
2077204
1614070
46633280
38290010
1198785
42236915
16191411
1590030
1654527
32747849
40813583
1651621
4036528
45627752
35382947
2495413
1137563
3317570
2833136
1515057
1722933
2606946
1335090
4619648
11059621
35140477
2420195
46961554
49371616
44493920
1276196
2084766
3489301
3737272
1341459
1791081
27499544
2211603
47108882
3191336
45257452
3192245
2253286
32976356
1137931
2540124
2744659
2861038
3753742
3233571
3318729
3551655
24474835
2670914
17237604
3026297
33187089
34372518
1046611
1774252
49148640
1293677
37975631
41120843
2017828
4120364
4087180
4856974
1020529
2748606
43798313
3751388
2825038
8464863
2466250
4230733
50055893
1749034
2217090
1010930
4265919
36886283
40101978
1060376
51700157
39150560
2000093
4374842
4396607
1954761
23789414
32474698
2104400
3106236
2663858
46056035
2960670
41512410
18410987
39827798
2186622
3596609
2378405
40817901
1259777
3595983
1754127
2989376
26268137
1735576
3303823
11756237
1240781
49486314
17113628
4611334
3005103
2233194
3766484
3906905
4157195
4302278
3658286
7858694
2728730
4189399
2734112
1137859
1253067
48621108
1558598
40496683
2343086
2828705
42208656
1808265
1534480
1947718
17501487
4604246
34230839
40927982
45297117
16961035
42496991
2394277
1210227
2201363
1770409
4214417
3971349
29385737
2827478
2451651
2831314
47153200
1719116
1520285
2748514
2071700
2409281
21183621
21374043
39010392
1314911
2560316
33471199
2045757
1709642
4020815
50383552
2744379
1894010
1298222
28509267
1249161
1090966
2061922
2653213
1278966
2437090
1301945
3937528
1348988
46550728
3376304
46718849
2423626
2293739
2426677
2607201
2739580
4054833
2270842
1237883
2514201
1482983
27122415
1526225
4620759
2452979
2484332
2761019
52264629
2154498
3371759
2756280
2980224
4886463
21105185
41866081
31636058
36301971
4117598
50006244
3089030
2440970
2442529
2643427
2770234
1703105
1046128
3667791
1185991
2554989
47983137
34657980
1801201
48504126
3075932
2250994
2577711
2525536
2214518
1751828
3161507
17608062
41439681
13945666
1604330
2203673
35397176
4185352
4285419
1981868
1395541
37828768
33991447
3399053
24701230
45785842
32869926
1949035
2569794
1483025
2649678
3925579
14100493
32047231
2677268
1927110
2972878
2560124
3874281
1748596
1911930
1103138
47038012
2571365
3294948
3354009
3809695
22395477
1675514
2284641
10923995
2648314
1801461
3738016
1672958
1877732
43451635
2300879
2337020
2455214
1497273
3322748
3193644
1087663
40342224
40924704
46666686
49846719
1150799
3456714
2790356
28509748
40449464
1178309
3173701
2467785
36323716
2370121
30111330
28353083
2618834
2444393
33197016
2619734
1449170
3401070
33770952
10118980
1409692
32031768
27320916
2780934
4279794
33449004
28016804
3116276
41493075
28918345
3585415
1807353
2214938
22853217
9565180
32674915
3881784
29646354
2322829
2576448
1484193
4123501
4713322
45731487
4586481
6673740
49351825
3465129
2194729
43927623
48715311
3717001
40429938
33001756
43318819
1931763
2094483
1873902
18940941
1526727
40624562
41531963
44499755
46685105
3128335
3437334
15003474
28690465
48481719
10444246
2560552
2322375
1332473
1363841
47713330
3470849
4081163
4248455
3621922
2013911
4477330
2309633
44080689
1173622
1749339
3985275
34566888
3116561
4418733
4217197
4425969
1397364
2303538
1841387
19342590
35307009
46210182
3630137
31812405
3085450
1238856
3819080
4267826
4195197
3023589
3209823
2307882
48721024
45008532
2525303
3685418
2569131
47958295
41422347
3762674
2203135
6352179
44389679
7600149
1201878
45769849
46240624
18120858
46466995
33267509
2911763
2268309
49044319
3476129
2162030
1438400
1212682
1681141
1726975
16789655
18016065
1522426
1632976
3156808
3430372
4979336
4342700
32235759
2296229
45978403
4303956
1871801
10041842
3508487
46381459
2384011
1044171
39150330
33246892
1394061
2655462
3281196
4342550
41673065
42285966
2962702
2361592
3082612
4123395
3494930
11805382
48838272
41061060
3158764
3405967
3802289
1474435
3464979
1759999
42206857
37953972
2714362
1338864
1382905
35884839
35887845
1703458
2682097
43160334
2511334
49567903
2071537
2556635
47231240
5992405
32354143
2807990
36610296
48115356
3720458
1126920
4659454
50838860
13226768
41854188
45194235
3126150
24095609
52866785
4572780
4667323
4693147
34142602
2385224
45958126
1751907
3311312
41416839
2279197
3813252
39373983
4321663
2935433
3706398
3240114
1574397
3575733
2813766
1148433
4393323
2959189
7105449
2730472
3074128
2667731
3350975
48163076
35582902
2223065
3754374
46727704
3973241
29002640
8137780
47961356
2383529
1789452
34573360
4284579
45778517
4804071
29635802
3533170
46522940
32468172
45792713
36649701
3851945
4012974
12797319
34787250
3175319
26330677
16416225
1754955
1858192
2791689
2880877
1047303
1244559
45068258
48511739
1590327
1654446
1527092
36477308
4086232
1869763
28366611
49867073
3095005
1531565
43387017
2246138
3156899
4496874
4702677
3381109
37945824
39401250
3386878
41446277
42346715
2139420
48650951
2166138
3350981
33907367
2888656
2525647
41167593
10908670
4330183
4719475
2924848
3176520
34551001
48125174
1563890
1348060
4053194
2065816
2125906
4261794
4453316
3334801
3949615
3450972
2261503
2268415
2270665
33955776
1914284
2741699
3367105
3858977
3797557
3947293
5207824
5781343
2240847
3100301
33742261
2660739
2401496
2496563
2009549
3373197
3452310
3474615
3534969
4860662
3683781
4371084
10000155
4303942
16719184
17977480
27966651
2031853
1963591
15177475
4446560
34736631
36859699
2464949
2846307
5703381
3532437
5836851
1138861
1343647
1362838
5148606
1587844
1670944
3941310
1738690
1864825
31804583
2809437
3380622
2254045
33724833
2398315
1397250
3440400
1285602
3760862
6996476
8592986
11618405
2812352
3514319
3812221
1316459
1092738
2461127
4520066
2728295
1374099
1523574
1717486
4615202
35755130
3813322
30885107
43425158
2027490
2857496
3012533
43496249
1527803
2529889
2741550
2785680
39789275
39746912
40861757
2029225
8323196
26600581
1212199
2134435
2464036
1511234
3201419
1307783
15450200
40146773
1092312
40385609
1360980
1585880
2179189
2788906
37814291
4620493
15811675
1845897
3512445
46847749
1571442
2769807
2997522
2285883
3604482
1888725
9537958
1976949
3540804
1221085
2239169
2461614
3710934
29099871
4809070
1205888
27852457
3587394
2234724
3569760
48721814
44824048
3833306
1107641
42193200
53179873
1753790
23983384
45421580
1671324
6921528
15753365
14598810
3742511
45666650
35440616
3542492
49131169
2000807
52265936
46202220
4251094
42266260
4299139
44310198
34518979
46700784
3112429
36615005
2747170
3922246
3978333
40111026
40539411
42600564
4534340
46749525
2222521
48641328
46940015
2293422
2849096
46284069
4626584
39507572
27497418
2912411
2936204
2994401
41836590
3611619
3792580
4172634
49974964
1499108
2187218
2709733
26864113
44605949
4018221
1811024
36882820
51586069
3984619
43497331
45219301
43089105
3372996
3931905
34299207
37183544
43645455
2772130
44451719
4683108
4850565
27938676
3785592
3428132
27332938
2637699
1401463
43645256
38233841
1061312
1347107
34457360
3466987
1548188
1337725
28109312
37097609
4590846
41277351
46095670
43929479
3234469
40480808
41461252
2173542
53891299
39728777
1576350
1957469
1666878
4652660
3112527
3348906
17688842
3510082
39395207
42856027
37906514
4436633
41389359
2603245
42247701
46038540
3897205
3970282
4237928
17653646
2556965
43405333
2700426
2933655
2503601
4693034
3890672
2222687
3839038
46645590
32309677
3424932
48012988
3347337
2484914
5761884
4301426
4149418
17459551
1113178
26907987
12919043
36459957
2597121
2920302
1750969
1873733
3872250
49901101
2439625
3074080
3588508
46704305
45556383
2121563
2161082
2479932
2519376
2524577
4408950
4491267
5590002
4610863
29337522
3161710
40484834
41149829
3818214
32494887
46824398
44496533
43774527
3287423
47619477
4698191
36647294
46610737
54447863
50781111
51704908
46197134
1428155
3477871
4508224
2173691
2953839
42369010
33306051
2343180
49543546
12831798
34251045
3506869
2332185
3724758
25428357
2260307
3391592
14731723
40680427
3970012
3468571
37916981
3342739
1659521
2558046
2840304
4788077
2691205
4318020
3418321
3648991
4456213
35239386
4469332
10491856
41446929
44237679
36854356
37704787
1467513
1774894
1091855
3351985
1461140
3531340
3559897
4672345
7689033
28005505
26204286
26307582
32888239
2058794
2711600
5130347
5560391
2061165
28046864
3761082
4549493
1041586
4969865
5183054
1672905
2093271
2677695
3948683
3545703
4632601
1711465
4481106
1397146
3561547
3698899
1732486
30118012
4117575
4810525
2558734
2727471
2909729
3917467
1879382
29864904
1185869
1546256
1808924
2015036
40598269
4327332
1697806
2502148
2722103
30165706
4068012
4037578
3514295
1112377
2920852
1179596
1228619
1318223
4917381
27640735
2360424
36784380
44932522
2335328
1950712
3494822
51347671
28415923
3002471
1300759
3839678
41989485
33725737
44938866
26442687
4440919
40341683
1995111
2549487
48290758
49828230
25810116
6840981
16313664
3013619
3682866
2773539
8648319
14519880
37756587
4052205
44542352
30124414
34156750
1468198
1571914
1330849
3094737
3156895
34480258
2074708
2385174
2351754
1394478
2096698
2222181
2609553
3962220
2907908
2542606
3315128
29882817
3441214
37476504
2229609
2369340
4674989
4434121
11399165
8025100
7874784
36761155
28327107
1058431
1234624
32771376
1497739
3191938
4594936
4326445
47022296
28463928
48495896
17159362
49357094
15185407
28393252
29403460
2759175
4109412
4194007
4298589
1788323
4424051
43035713
4200303
3601050
47165186
3862390
50534741
1353937
2434371
2666607
2781633
37183915
4549343
3663258
37169122
43249508
4325834
2853595
33700863
2128027
2965753
3085351
1445741
2410172
14406088
1242998
1856346
24280489
24833071
1906362
32007304
32589878
2822774
2578059
3177022
3424594
2582919
2586006
2671928
3134787
17532583
27147710
28919746
4047375
4049457
47564846
8379540
2443136
2539599
1252347
34838573
1910536
2818353
33964361
3303971
43761725
12829219
4041865
7905604
38616060
2226844
9682467
24655139
3470286
45799602
44706540
24862086
10231466
8226368
4445337
42723585
1457133
2099064
4244562
4424628
4715217
3813083
3900733
43322091
1864793
49154354
2744466
1733678
40154173
2227160
3340140
2344379
3863031
47303488
3075236
4434684
9775949
11834726
43497409
26589609
39064826
39358859
33153616
44700107
1783383
2290567
2487603
3154432
3242319
3700575
3784531
1047371
4359132
1471811
4556826
15412065
15582891
18301254
22831743
43609292
1948661
28495025
4003738
43017485
2178021
1053815
4565575
2527262
3042030
4753055
10839028
12030718
35731561
43299235
3898535
45669350
46304456
15171387
28063798
2667573
3446065
3484803
27920954
3957607
4353382
4393219
12978405
6315124
4383854
25387642
2219582
2056717
2369460
3857749
4214922
3880774
38862989
2002047
29135602
4027689
3344772
2449873
38650509
40284600
13304335
38849363
3716344
3862249
4437218
37227017
30189873
38367182
26322991
29189448
4304952
29909157
52814789
4524184
4445275
18124704
1265088
1987505
2447064
29179594
2565641
4523866
5380344
3618970
2367987
2183131
4360077
2743897
1571367
4635685
4154885
4329476
4345787
15993119
4614465
36407897
3730275
1767429
1866690
1883601
2641925
3108932
3739733
3135412
4470801
4494214
13192547
27141020
28960370
34497413
2542107
2940880
39750374
40195124
41323328
14007956
2940199
1311596
3723337
2901819
1419449
3181101
3274437
3373365
4093278
4258971
4406673
4458930
3042416
3098036
3293492
3309491
4832961
6160382
11280755
11605613
6095082
16816484
27841604
3544452
3784644
11383012
1018177
1730413
2446000
2045019
3518205
16230621
4258411
20223008
4669927
4186368
6892984
17247727
38690893
1298373
1689714
2469485
2180727
15046063
2596218
4204196
2326129
4914095
40414976
2823321
1551387
4089761
3613029
33543623
44983955
53222141
3089922
2431041
12911129
2583108
2168133
2008709
46262357
2722506
37668592
33956252
35601062
2073363
2683489
2143890
2774779
2756256
3418336
1220441
3672718
1730942
3829894
43502328
37584446
3945713
29881175
2456192
1280633
4351048
1258209
4709917
44443994
5700481
1803266
2949086
3180890
3849686
1478968
2121196
15850004
46466403
3477382
30407600
36772586
1414883
1434086
1551548
1749536
3409525
2026196
2136350
52496185
2282918
4290642
2301425
2314130
2465870
39009076
2851004
3293069
3886366
3851834
2181360
2297973
4503424
15910277
24530789
29034401
1316355
30153815
1476318
34337354
1542243
2131248
36235256
2406790
1556259
3895352
4086710
2602230
14087879
20169197
4691052
34287080
1259143
36604493
2614287
27935471
49548645
2049433
2112463
2202697
2724683
3201779
3594584
2421100
2168280
3938657
3002688
4486760
31821935
31985315
32631308
2827564
1110173
4216221
40579848
51859644
2329239
3722338
31936158
1667873
33456342
3998545
10219889
41618274
3659704
1413618
1685830
29842116
3606904
1403320
3419436
33077842
2663311
3566031
1805712
3139673
3433274
3263517
2136610
2707252
31401407
53434119
3171852
4311933
2743990
3403201
1236716
3495901
1717577
3320651
49594657
30314745
48846664
13542843
1307574
3419044
36738404
3526637
48429646
2640992
4535347
3130970
1577613
3427244
50473630
4247867
1720015
45183756
2043379
2091043
2204281
2407918
39067157
41442239
2831668
1508271
2913643
42744965
1860369
3526857
3673293
4268679
44869983
43496888
47348837
1212845
2890244
29779473
4303358
4467053
10192556
1434748
2799699
28175919
29687249
2134065
31602584
31761872
2463588
2331460
3778356
2280915
27612232
2380307
41633929
2349771
47861557
1049652
29118133
2125600
5412362
1730166
3859101
3906370
38629083
38652325
4434489
1365353
2571144
4075046
33451074
4367356
13236205
26787767
46508277
44597659
2732839
33326931
3171640
3281464
4308684
25684300
2107404
2793325
31758214
1713490
3046589
38876766
3698144
4248353
4433162
1614300
25130066
4599295
25683191
40301785
40634127
46372584
1361223
2535933
2872964
3309548
1429968
36037423
28476305
31838459
1915796
2559374
2494143
51003364
3864326
14368925
33720303
1062483
1643991
2140641
2407728
4716277
25617466
3740973
2355193
44526633
3181644
1327899
42908113
1398432
41169786
1401150
3726519
6790032
4094845
2059755
4246749
4396728
4122482
42211734
9668207
2336080
53299095
34253035
2446703
34321024
1825541
1642453
1181715
3156484
1556304
3035222
3179231
1106016
1218501
3611761
3754468
1575852
1896330
3188193
2899947
2448168
2015136
30924214
41327122
39380873
3992491
2526975
3004457
2193845
11693886
1994828
4030704
1585308
41133810
45621954
47380671
1420905
4563722
4801496
50466462
45459820
35022909
3282359
2705087
34326238
3727267
37635285
4364725
40940472
14368116
1595126
2339003
35971914
47650647
2707748
3118026
30726582
3920999
2169121
4707928
49312506
4532750
4698932
1816179
2303824
6913599
9385716
3464179
3267416
28542541
41200249
1597602
2324445
32735693
2846049
3373212
2311193
1019143
2609028
1226545
1602628
2434586
2593820
2325562
2519155
3095069
3726969
4669545
3950353
3516023
49838229
1439132
2263749
1997703
2530731
3037764
1506082
4285951
5585083
23254138
39843756
31279363
31825806
3862896
5897988
2339914
2409440
2639540
2670680
2235471
36385033
9376971
2849978
33283200
20267826
2507748
3201228
1786501
2221486
3972030
3478990
3484966
4043310
3516665
6700582
12009024
2176106
38777064
41518887
37388680
3579968
2369914
1211158
3876503
1316833
25781874
8653251
1518656
2559111
4032672
2898838
27031912
10755492
21439323
3648407
14809937
1283242
1496823
2222845
3386576
3095066
2965185
42167202
2212763
2466541
2013383
44824158
2030954
2032322
50694745
2641805
1840717
2059771
3909381
3499669
1927178
2206904
3800656
3973072
31465224
4153885
1650266
3714969
45236999
1949433
3039470
4044861
55964174
1400940
45376837
3898905
15383142
1758295
2351455
1896950
2701318
4239697
38839043
13253878
33325108
1370283
1408353
4148569
5066195
2408586
2817864
1318264
3175584
2592170
1864192
15756515
3996129
4716615
2872867
2499305
50878475
4539661
2309537
2862317
43391980
11863764
31958952
31965144
1150276
4342225
34944021
14206418
52224086
1704065
2105643
3111040
4161514
2063788
3374977
4252061
12586637
46676368
1218832
2780413
2288727
45333041
4654589
1786932
2819826
3726394
4918449
42017692
43471675
44314132
1616312
33423389
37528796
2340012
3945734
50602345
3716136
2095399
4087983
1230011
13135437
3549725
32445484
10325084
29942585
22357936
37504074
1768785
43781354
3768888
3214901
1989928
43104736
2661030
36133226
53304002
52233579
31751300
1593174
1712259
2240673
3759072
9033250
4820456
41930477
3904625
33635233
1522344
9564658
21609964
2725927
1413789
4379183
1592973
1665046
49276061
2829866
3724733
3169020
2094998
4366199
1947743
4776431
1250466
1276059
1238599
1489005
33475622
1637038
2161029
3593942
2260977
2167399
2671154
2944259
2585056
2833684
2333052
2344593
2350176
1136447
2471250
1634864
2544789
2617331
2600685
3923443
2633765
3991396
4764628
1579085
28283572
3319716
3370314
4475801
3428658
3499521
3523680
3595788
2694104
2805191
4159071
1966519
42765563
3343973
3680318
3146044
3153958
34180160
3544216
3971779
1679594
2741648
3100527
4778506
5814862
2226893
11742604
1288014
12299326
12669847
2701277
2717951
1668360
31659304
1912929
2028057
42570419
2305065
1420229
1877762
1882322
1469192
1541225
1812904
3667650
3158051
28480603
1830001
2249240
4164279
2682674
1628776
1750130
2864581
3565607
3772409
28174798
4024799
4001689
23446237
13930612
4487917
15190105
30691586
9817780
46218746
46540598
2723896
1784034
3969712
1382918
1957870
2415970
2976823
3591826
33473233
41353121
41930870
4555503
2901121
3510973
4606348
2232506
15479642
1298920
2526447
2331168
3352876
3944146
1450342
3826898
1682981
1694131
1165646
1835204
1578266
15134961
1980157
15601215
4278167
26827736
3151641
9988086
2650201
3045516
3181923
3276612
43433384
37946985
3765326
3096781
2114612
3311158
3526783
3532276
3617281
3472997
3681805
12330326
17367695
1767999
1824782
2098121
1600285
4201589
2704302
3290526
1630418
1941634
45274949
2027641
3892557
2258392
1989362
9418056
37389491
37259252
39907565
1520081
1636425
4619456
3179521
2346057
1398554
2593929
3411152
3504882
3533466
4169478
4053802
4573095
3125939
4173530
42794009
2961868
3560313
45242978
1417955
4742154
2345624
3746145
41621084
2311550
4554629
1167167
36683360
1112322
1633699
2588822
2266209
2158185
3983202
13014762
32383641
2865010
3404032
2755007
1766340
1971990
1016170
1986769
3469555
1200395
4417330
11922271
1213590
1885137
2825129
3894221
31107512
42983901
2048066
3039206
3124721
34709772
1855669
52963641
3964118
3973853
3998243
4142588
24039026
4792844
28296782
4776134
11680583
44183139
1473642
26027699
31722563
31294262
46622430
2112044
2138276
1616070
2969660
34010134
37262863
2700673
1410092
2576567
31053129
1896170
34683328
1901600
34225008
2831135
2282537
1921455
1907989
3429698
1908268
2861677
3932203
28475964
1445584
4395322
2441864
39874748
1426192
5963858
3528524
1694887
1784269
2912767
1740906
2969752
2531231
4691680
3764458
33451604
2455475
2887416
3492511
4867321
6083967
4167997
4727344
2731439
3931552
4009489
12788926
37029015
21289000
1201069
2410439
2053906
2197021
2416849
4439612
2441092
2305178
2578657
1125645
4588162
4627477
4919607
2330270
2958391
4478395
2653328
4340044
3689215
3389998
3447549
2578522
1425317
4129714
1566743
1626986
1199905
2968615
41664099
2032709
46082655
2277685
2324807
2590856
2547885
2929214
15879204
34789485
3068120
2911561
3942245
3760757
3765509
3714845
3775910
2129601
4358469
2295214
1080297
1616892
2382034
1855530
1319074
1593407
1706855
2706422
3056423
3154075
42309283
36165879
40451928
3469357
2845038
3182964
3514254
1388094
1990523
48219945
1985929
54282762
13416562
2643929
2710031
36232692
2713700
49460589
15404398
48206262
41672115
3868856
33564381
2195012
2771778
36304911
2683247
44606010
44345191
3515361
3471163
15974343
27801519
43586862
3887170
4351000
1779269
36967753
35786784
1151548
2903760
4699860
50558641
50232384
2311641
1104104
3911845
4250443
1678568
8665662
27487141
38004243
40603637
30655579
31020898
3155027
1271321
42168065
1726812
1655939
1647551
1109358
1560177
1538324
3728160
4459059
1637228
1750247
31738967
47297889
1232729
47608264
1446254
1577765
41308006
33325471
2373395
1980633
9343550
2963978
1769133
48743013
1451080
1346801
10354813
1543727
1743863
36303805
2246792
2426825
1711906
1251445
2934251
2718475
4079363
4469472
3728184
2259607
3087223
2146166
2213792
3209956
3877555
2603255
2678333
2984147
1234146
3662177
47488576
4522916
15545360
16826546
3747840
3956796
41069239
1571951
37921684
1994324
4862942
38521812
39770517
2700674
2165714
1229309
4423520
1558052
3888925
3068837
1575912
49293544
2369781
3032186
2182772
47200165
3944130
1601293
1225680
1427000
3113220
2040131
1995396
42927988
1253961
1901519
24798984
1563119
3917502
30173578
3217082
3208738
6911642
33294782
41798454
34242142
27908802
35514066
1796759
40869316
2283860
4425297
3588083
3201231
38698884
19222786
1436296
1674393
2666679
3367700
4160649
40449459
40688953
53012344
49663034
51592767
52186442
1366661
10250205
11916807
1592147
4315781
55933432
35590578
47411719
50221464
40012949
1977624
2244603
49112197
2873409
25325488
2733587
26993895
2430438
2227267
19344092
4296760
34150361
3112674
44444090
3771672
3947200
4224559
39078985
46344929
49594403
4001084
4152143
1149223
1252345
3087943
4478992
4693408
4837834
32898304
4482645
38878762
2533919
47027359
3408938
2697742
3688163
40726353
4271366
7123298
47912091
36357875
33331222
2553339
40658175
47083262
37916213
2837461
3267934
3360319
50391498
43768221
39765321
38636809
39050328
3224326
49224285
41583073
43466726
1427469
46399651
43430123
52330712
19028391
41137350
44293098
1685413
40765436
3712012
30173916
4189243
45719900
33970662
40372481
41565518
40425990
47801003
2822631
2482456
46886784
3173364
43413783
46821596
2470897
1742223
23706862
1382713
3540169
3835798
2360844
2370790
3719094
35509944
44567122
2427349
1477280
1468038
2489052
3418269
3761316
1453498
2499156
1561679
2429397
3728807
43505415
44680914
2605220
4039118
3601425
36962568
2208712
3351983
1672713
4472935
3348261
1669459
2199564
46485236
40924761
15963012
3156854
1153615
4600049
1206903
1510284
2036382
2550081
44955536
2725877
49229749
41767004
2659321
3516946
4019896
4222957
30045599
48057371
33534000
1541832
34660688
32326256
2118282
2388804
2221300
2581442
2214301
35276540
3111883
46122305
2584065
4557406
2158841
40520149
34960476
3440828
3986285
52924138
4577667
31755152
2467225
39346034
3887929
2015601
19187257
16724097
34195404
3249653
44568054
1311075
2307153
4705661
2670903
2919831
42468524
36213898
42120955
7656225
9361644
1523528
2865416
17964571
2192267
2011836
1039386
2936334
1470801
31709033
48191618
2816448
4037505
36308973
35371674
37084986
42979122
4362432
2393966
2485969
6725184
1466348
3939675
37224145
39964065
43841971
8212053
1913189
2455615
4502450
36243595
37683271
38588095
3296972
4481262
1187158
39749366
1323043
2308700
4234373
4660200
42524624
33685652
1287867
39998074
34559151
4525076
39474094
3559301
4565840
4330330
4172235
2916034
3866453
3244742
6442062
9767130
45449743
47322160
2795631
3511494
27708836
17460243
3004753
44107296
48196232
6795115
50756030
51037709
3860498
10805042
21270066
6882058
1379827
1874296
1831471
1715257
2364094
40609643
47571563
48492767
4717003
13963634
2538032
2048253
3150838
43224843
4800062
2025877
2696068
2926185
2944873
1428225
7884022
2822516
2971040
29732149
4120167
4480761
44216036
45056654
48291221
6706845
2907100
4172446
4184995
1040640
3252125
20715137
39621410
42952922
37290630
3724533
3525637
38588646
2345216
1391755
1449688
3194660
6157393
1123221
1754125
1786609
1381013
4019770
4419373
4622385
47773516
1460506
34177088
4280671
4593862
32262184
2117051
2535657
3652466
2591343
3853444
4014601
3142248
16334209
2242959
2439999
17050543
3108239
1825944
1025571
2492892
3109648
4532367
43800255
1409181
45398208
3190119
2628354
3944073
2235841
2386849
1281801
3406531
3572986
4675291
1288627
2814914
2024481
2086149
2401338
3812721
3868971
45138554
4172421
2856523
1281077
1772666
29690076
1132554
2708711
2226852
2680717
4300663
41010545
37059112
2419152
2534649
41431544
1821024
1933199
2073827
3955137
4190252
2035565
37440228
41846048
4041706
6624133
3559395
1738127
2562478
3651364
3131669
4291454
4651148
2018118
5440355
25528352
49748236
3671727
49476386
4025282
17114549
44084018
3734247
45965662
1122239
12953819
3533738
38674224
1163804
44122300
2636046
3037784
2519197
3366457
1168370
3935256
2331047
2368856
34982356
2665641
45664708
1882137
1488841
27721557
3038533
1433822
2596735
40211421
2888327
47352699
3251915
3813728
1339441
4172515
2007813
45797105
35392947
18333973
31779823
2639397
41557673
42958322
45806828
2615276
1762249
43766663
1007672
2302153
1233938
2136917
3052371
2834942
3178718
3473870
4140271
4304515
3606354
4612022
4112981
3744920
4031006
4161640
2645343
2849377
16379351
29962700
1513093
1144059
34460342
2164013
1478208
3766108
2372765
2237646
2667147
3826109
1564990
14057006
1704781
2300838
2456422
3740208
3204200
1076386
2248999
30622793
2065289
4537582
43195198
23486035
4453806
36351939
4737668
13292788
27833296
2162421
1630699
2301919
47276316
1368211
1811734
2005471
2619826
3090874
3846615
3553012
3629722
3774967
4497457
34323044
7914682
12080863
1462098
1751117
1885515
32715634
42927715
2425927
1771398
2413302
2661000
4439002
4622399
37825400
34498731
1179909
18809410
44023849
2168964
31440466
2297004
3832522
2984682
45453037
18640260
39263306
3254184
50337689
2570179
1066065
15290354
2716787
3322637
2254308
4402741
2116106
3395014
26910328
2029447
3530846
2639774
1621738
2636984
3577134
1555209
2537276
4101546
37167576
3942274
3508281
3259297
2871607
17969729
2546349
4331238
3101719
2336748
3647136
4485458
2951566
3871722
4536360
3460970
41040483
46542297
2939137
2281359
2600400
34172418
2202108
4006844
2686552
2806155
2124546
40882278
2139416
2185201
2382064
1413864
3551822
2479920
4502707
4363901
28583668
1387211
3098853
4560790
19890048
45072451
16672593
1539778
4595841
2272709
2404655
36228768
2945096
2641889
3098973
2619427
4720045
49993526
4771326
28370674
46782735
2225075
1550040
2783168
3636093
45176262
49109617
37392175
2182034
11815413
41524329
4016301
3451025
3850514
4206725
1779106
4398524
26551334
36958226
1789490
2441945
2392526
2729766
3920673
2131112
3695732
1125954
1059461
2089843
2438741
3816236
2678646
4410555
4911573
4390750
9080327
1554713
1684409
4770613
21058489
2856812
3827221
3354448
28371959
1513212
39825433
3776790
2706992
1405750
4112564
2043990
2671299
3638811
4023969
1560059
15119751
1946645
17827382
1599624
2035221
4532203
2611101
26804784
3334518
20596538
2013411
1619643
1546257
2208727
2155166
4370148
2100910
3230051
2617882
2706566
1899486
1484439
3577810
4188238
6173427
2338892
1769541
1386405
1724497
1304834
36630977
1928542
1532754
2341648
2357113
4710533
2619148
2834684
35612472
3470585
2939618
4557759
30913938
4594594
45955178
34497725
38934695
8536795
26317582
31480483
44865120
29987043
2867787
2361637
2039885
2047316
2093568
39395591
41653004
2246391
4743244
1412112
4578927
1177946
11171350
1401212
2416467
26410569
1498026
45179224
1506828
1466656
2289459
1309084
1375688
2198995
3903948
4256940
2458704
48099957
3304787
2856539
2141730
2815131
1643467
2796300
2129162
4040498
34666881
1964547
33686328
4561280
2278017
1571126
2638356
29248328
31662640
38865004
4538015
4422090
4834032
3641890
4056103
2309253
1081306
3143002
4223998
3803271
3559430
4527563
16076958
1129493
1428488
1480167
1416692
2492021
2691260
28741725
6198224
26837327
1458088
3304710
3531433
1491254
3804061
1754808
2464975
4510054
2112770
12878757
9645556
3312356
1466615
2333483
6647994
36633140
26556808
3842343
1208113
1389803
4548292
2150621
3375324
3769887
1395440
4415716
39290434
47407571
43983781
49544974
1861455
1864476
1971399
1893167
2022920
2420399
2502964
2582643
9761496
37950961
9188256
2584011
25927674
3798525
2779947
6664571
1462441
3271500
1501696
1246825
34714975
1603105
26495001
2356330
3830967
3744079
1875095
2032205
4505256
3778965
3283968
41408680
47070904
3278388
4094486
32855109
1841412
40799761
41639152
3675528
2448379
3820800
1357323
2201597
27588420
1867322
1447404
2475244
2327952
1219928
22650295
4341297
2301359
1095919
3667927
4029601
12937457
3931404
4605117
43794914
4389110
3928204
5681832
1430750
1604869
1770883
36930218
3101544
1322923
6411609
2215320
3940201
46043339
25687183
40607305
35213405
41182045
2407974
1489974
2348414
4535747
4084968
1121130
2563852
1584042
1864752
2207229
2494788
2499072
2884593
1573076
3800658
4579188
40478131
2228333
1847904
4263752
14267712
18077151
38467870
1510032
1534003
1767954
2001882
2024868
3356827
4151209
32788931
48903092
3568260
2071463
22222962
2471507
31479513
2036040
2676792
3894225
3610597
2265401
6741413
31742286
8196053
2057875
3551023
3355859
1083460
1501027
3864431
3684207
1759528
2971172
3335123
3981739
20942273
1004742
3181415
1282468
1206443
3658436
1943869
1277831
1477839
1614122
33424012
1887078
1348438
2017113
1298543
1121044
3703603
37595450
2218745
41952372
24470355
10752656
4709371
3542126
26308820
3578537
3875795
1274441
41175388
4241885
2253762
44510903
2026668
2408861
2189580
1801278
49666127
3407522
32563416
3991817
2702388
2441715
35576721
1527309
44197688
29090051
2317788
3053055
1415828
2330232
3620711
3411239
1401904
4160034
1114382
40633287
1430554
3790414
1832073
3556991
3649750
1231787
30114706
1267734
1347633
2331181
3063424
3091056
2593586
2426522
2513309
42714053
4395001
1815450
3523858
2259066
2080338
26201035
1034401
2644159
1594973
3901010
3474076
1410294
1845067
2163781
2568655
2582623
2740406
3762251
4272653
4608476
3799012
4209445
2314329
9498850
6539129
2683211
27799844
1085897
2330514
2347697
1826883
1983121
2440840
1719462
4034225
2765041
2760659
3069308
4126514
33731153
3717475
1806969
3765901
3774319
3779836
44510579
3103595
24877871
4145930
4511293
4517776
3425870
13384562
3716375
1882850
38658212
2227598
45550295
2343509
1076411
1839899
3425231
2299115
3413375
1508612
2706809
1316912
2831936
4540405
33523094
4535740
2385638
2084912
1550969
1934480
2510927
2594858
2179885
3167528
2186494
2568377
4288079
2522840
2214743
3817253
3779812
3277288
19282157
1837802
3289729
32748400
2678651
2702759
27056188
4517410
4528798
4410460
32770429
32763635
3253010
2574200
22637879
3577394
1458334
3237299
3398536
3176687
3638516
3639902
8023220
1479091
10256764
4341209
2457838
49080691
15245579
1540580
38791415
26687224
1818980
42715858
1215917
2895479
2224949
4257451
1372945
1246187
2221309
4327222
4106380
4188868
13615268
2803328
7085255
1523138
1456136
2137678
4213027
2168797
2189849
2491373
2613689
3701813
2297345
3515384
3906044
28903078
3491437
25745564
3123611
4607681
2295980
34275941
11466652
1097044
1296073
4070083
3759797
2879186
1410439
1543081
3312338
1532549
2510516
1039667
1243846
3619687
3590794
2913434
1884262
2113816
2304926
3340621
12908221
1354978
3095881
45157864
2791706
3422363
1536164
28493911
2695490
2870555
2664646
3765260
3287410
2144323
10347010
47085932
1725235
1701472
1189897
2227528
1219549
1091447
4425818
5677120
2304818
1547735
1010878
2326204
1449786
1654712
2328797
2058866
2211364
2258594
2243188
2245604
2284518
2292694
2303118
1018929
1106593
2322444
1386115
1444991
2280227
1205813
1010272
3605659
3354470
1443554
2185975
2773001
3756197
2104953
2302041
2422312
4568467
4638167
40603860
3605641
3540927
3792259
10635347
1918708
28061060
1497985
28092255
1437553
3096652
2313981
1317876
1237179
1682145
2874998
1270789
44498677
1955816
6248759
1867151
6707173
1711132
4061815
1518549
2818699
3632451
2131372
30528062
1439989
2935198
2456897
1374447
3573302
44609625
49819040
2227831
1887298
4646636
1308471
2203695
4891674
1541885
3912242
3611087
2443863
36958680
3242728
7147439
3512319
1420474
3327475
43309908
46661995
1341489
1718202
1382917
1245218
4152224
1245899
1269999
36364088
3248422
2105767
1744662
1596701
26160117
2517066
1514027
2666867
3387235
2035148
2401228
3305533
1839009
2952562
2407152
1253206
4405931
1273026
4041879
1413801
1085841
3624663
1082156
48869602
15569456
2699456
7024630
3675407
3325272
1239775
2435433
4375227
48799111
1731546
1680414
2991770
1138354
1431495
1127135
2599009
2053330
2343797
1584719
2274617
1013738
1916383
1023681
1318542
2532157
33479039
28677355
3355175
2571500
2125898
4633575
41771877
2386125
1497171
2299617
2077515
2119499
2183990
1588309
26519128
2076726
21841826
2119794
2170912
3454600
1951187
1705792
1121904
3772248
1413361
1587902
1683240
21846723
3095964
11092786
1335783
2091287
2076756
2005791
1210683
46193482
1802621
2385222
2747498
4308981
3942601
1437977
2390863
1680857
1534182
1738578
3808309
2773983
2696105
2920395
34303752
1230416
2643522
3523127
2385868
3571458
1635778
1968158
1394731
2508296
2527339
2741019
3472829
3571701
3395177
2989385
2185989
